 -> Calibration flags deactivated (-C absent). Executing structural grid logging tracks only.

--- Processing: compound_rotation_7_0025.png ---
U [0, 0, 1, 1, 1, 1, 1, 0, 0, 1, 1, 0, 1, 0, 0, 1, 0, 0, 0, 0, 1, 0, 1, 0, 1, 1, 1, 0, 1, 1, 0]
V [0, 0, 1, 1, 1, 0, 1, 1, 1, 1, 1, 0, 0, 1, 0, 0, 1, 1, 0, 0, 0, 0, 1, 0, 1, 1, 0, 1, 0, 1, 0]
W [0, 0, 1, 0, 0, 1, 0, 1, 0, 1, 1, 0, 0, 0, 0, 1, 1, 1, 0, 0, 1, 1, 0, 1, 1, 1, 1, 1, 0, 1, 0]
[Diag] Reference step from all edges: 33.28 px; max edge: 44.56
[DIAG] Inscribed radius distribution:
 [[ 0.          0.          0.          7.25008763  7.32894294  0.          0.        ]
 [ 0.          7.31241733  7.43228455  7.69192368  8.24051155  8.72639048  0.        ]
 [ 0.          7.37715266  8.32442666  8.89738303  9.24891419  9.56856791  9.71542139]
 [ 0.          8.77925559  9.33199595  9.8897807   9.71554209 10.22326014  0.        ]
 [ 0.          9.23800027  9.90218966 10.35962656  0.          0.          0.        ]]
[Diag] Total Delaunay faces: 1133
[Diag] Drop by edge length:  444
[Diag] Drop by angle check: 0
[Diag] Validated geometric seeds left: 689
Wave 0
   -> Island 545 Shape: (2, 2)
[[545 553]
 [550  -1]]
   -> Island 111 Shape: (2, 2)
[[111  98]
 [ 86  -1]]
   -> Island 341 Shape: (2, 2)
[[341 325]
 [353  -1]]
   -> Island 40 Shape: (2, 2)
[[40 22]
 [31 -1]]
   -> Island 526 Shape: (2, 2)
[[526 533]
 [521  -1]]
   -> Island 207 Shape: (2, 2)
[[207 193]
 [179  -1]]
   -> Island 382 Shape: (2, 2)
[[382 392]
 [405  -1]]
   -> Island 355 Shape: (2, 2)
[[355 329]
 [339  -1]]
   -> Island 20 Shape: (2, 2)
[[20 28]
 [36 -1]]
   -> Island 308 Shape: (2, 2)
[[308 298]
 [282  -1]]
   -> Island 159 Shape: (2, 2)
[[159 189]
 [175  -1]]
   -> Island 476 Shape: (2, 2)
[[476 468]
 [459  -1]]
   -> Island 198 Shape: (2, 2)
[[198 181]
 [169  -1]]
   -> Island 499 Shape: (2, 2)
[[499 488]
 [507  -1]]
   -> Island 467 Shape: (2, 2)
[[467 448]
 [457  -1]]
   -> Island 335 Shape: (2, 2)
[[335 305]
 [319  -1]]
   -> Island 316 Shape: (2, 2)
[[316 303]
 [333  -1]]
   -> Island 10 Shape: (2, 2)
[[10  6]
 [17 -1]]
   -> Island 147 Shape: (2, 2)
[[147 157]
 [134  -1]]
   -> Island 240 Shape: (2, 2)
[[240 224]
 [210  -1]]
   -> Island 215 Shape: (2, 2)
[[215 229]
 [247  -1]]
   -> Island 460 Shape: (2, 2)
[[460 449]
 [466  -1]]
   -> Island 140 Shape: (2, 2)
[[140 167]
 [155  -1]]
   -> Island 67 Shape: (2, 2)
[[67 83]
 [57 -1]]
   -> Island 567 Shape: (2, 2)
[[567 562]
 [564  -1]]
[Diag] Wave step complete: Added 52 structural ears.
Wave 1
   -> Island 545 Shape: (4, 2)
[[ -1  -1]
 [548  -1]
 [545 553]
 [550  -1]]
   -> Island 111 Shape: (4, 3)
[[ -1  -1  -1]
 [ -1 119  -1]
 [ -1 111  98]
 [ 99  86  73]]
   -> Island 341 Shape: (4, 3)
[[ -1  -1  -1]
 [ -1 310  -1]
 [ -1 341 325]
 [370 353 337]]
   -> Island 40 Shape: (4, 3)
[[-1 -1 -1]
 [-1 30 -1]
 [-1 40 22]
 [49 31 14]]
   -> Island 526 Shape: (4, 3)
[[ -1  -1  -1]
 [ -1 536  -1]
 [ -1 526 533]
 [515 521  -1]]
   -> Island 207 Shape: (4, 3)
[[ -1  -1  -1]
 [ -1 223  -1]
 [ -1 207 193]
 [192 179 165]]
   -> Island 382 Shape: (2, 3)
[[ -1 382 392]
 [397 405 417]]
   -> Island 355 Shape: (4, 3)
[[ -1  -1  -1]
 [ -1 343  -1]
 [ -1 355 329]
 [368 339  -1]]
   -> Island 20 Shape: (4, 3)
[[-1 -1 -1]
 [-1 13 -1]
 [-1 20 28]
 [27 36 45]]
   -> Island 308 Shape: (4, 3)
[[ -1  -1  -1]
 [ -1 327  -1]
 [ -1 308 298]
 [295 282  -1]]
   -> Island 159 Shape: (4, 3)
[[ -1  -1  -1]
 [ -1 176  -1]
 [ -1 159 189]
 [142 175 203]]
   -> Island 476 Shape: (4, 2)
[[ -1  -1]
 [489  -1]
 [476 468]
 [459 450]]
   -> Island 198 Shape: (4, 3)
[[ -1  -1  -1]
 [ -1 216  -1]
 [ -1 198 181]
 [182 169  -1]]
   -> Island 499 Shape: (4, 2)
[[ -1  -1]
 [480  -1]
 [499 488]
 [507 495]]
   -> Island 467 Shape: (2, 3)
[[ -1 467 448]
 [477 457  -1]]
   -> Island 335 Shape: (4, 2)
[[ -1  -1]
 [321  -1]
 [335 305]
 [319 290]]
   -> Island 316 Shape: (4, 2)
[[ -1  -1]
 [289  -1]
 [316 303]
 [333  -1]]
   -> Island 10 Shape: (4, 3)
[[-1 -1 -1]
 [-1  0 -1]
 [-1 10  6]
 [24 17 11]]
   -> Island 147 Shape: (2, 2)
[[147 157]
 [134 146]]
   -> Island 240 Shape: (4, 2)
[[ -1  -1]
 [255  -1]
 [240 224]
 [210  -1]]
   -> Island 215 Shape: (4, 3)
[[ -1  -1  -1]
 [ -1 200  -1]
 [ -1 215 229]
 [230 247  -1]]
   -> Island 460 Shape: (4, 3)
[[ -1  -1  -1]
 [ -1 437  -1]
 [ -1 460 449]
 [478 466 458]]
   -> Island 140 Shape: (4, 3)
[[ -1  -1  -1]
 [ -1 154  -1]
 [ -1 140 167]
 [125 155 180]]
   -> Island 67 Shape: (2, 3)
[[-1 67 83]
 [48 57 69]]
   -> Island 567 Shape: (2, 2)
[[567 562]
 [564  -1]]
[Diag] Wave step complete: Added 77 structural ears.
Wave 2
   -> Island 545 Shape: (4, 2)
[[ -1  -1]
 [548  -1]
 [545 553]
 [550  -1]]
   -> Island 111 Shape: (5, 4)
[[ -1  -1  -1  -1]
 [132 119 110  -1]
 [122 111  98  85]
 [ 99  86  73  -1]
 [ -1  74  63  -1]]
   -> Island 341 Shape: (5, 4)
[[ -1  -1  -1  -1]
 [328 310 294  -1]
 [356 341 325 306]
 [370 353 337  -1]
 [ -1 383 367  -1]]
   -> Island 40 Shape: (5, 3)
[[-1 -1 -1]
 [47 30 -1]
 [58 40 22]
 [49 31 14]
 [-1 -1 23]]
   -> Island 526 Shape: (4, 3)
[[ -1  -1  -1]
 [530 536 539]
 [520 526 533]
 [515 521  -1]]
   -> Island 207 Shape: (5, 3)
[[ -1  -1  -1]
 [238 223 208]
 [222 207 193]
 [192 179 165]
 [ -1 163 152]]
   -> Island 382 Shape: (3, 3)
[[ -1 382 392]
 [397 405 417]
 [ -1 419 428]]
   -> Island 355 Shape: (5, 3)
[[ -1  -1  -1]
 [371 343 314]
 [381 355 329]
 [368 339  -1]
 [ -1 352  -1]]
   -> Island 20 Shape: (5, 4)
[[-1 -1 -1 -1]
 [ 8 13 21 -1]
 [-1 20 28 37]
 [27 36 45 -1]
 [-1 44 54 -1]]
   -> Island 308 Shape: (5, 3)
[[ -1  -1  -1]
 [340 327 311]
 [324 308 298]
 [295 282  -1]
 [ -1 269  -1]]
   -> Island 159 Shape: (5, 4)
[[ -1  -1  -1  -1]
 [143 176 202  -1]
 [128 159 189 219]
 [142 175 203  -1]
 [ -1 158 191  -1]]
   -> Island 476 Shape: (5, 4)
[[ -1  -1  -1  -1]
 [497 489 479  -1]
 [ -1 476 468 462]
 [ -1 459 450  -1]
 [ -1  -1 435  -1]]
   -> Island 198 Shape: (4, 3)
[[ -1  -1  -1]
 [231 216  -1]
 [211 198 181]
 [182 169  -1]]
   -> Island 499 Shape: (4, 3)
[[ -1  -1  -1]
 [490 480 469]
 [ -1 499 488]
 [ -1 507 495]]
   -> Island 467 Shape: (2, 3)
[[ -1 467 448]
 [477 457  -1]]
   -> Island 335 Shape: (4, 4)
[[ -1  -1  -1  -1]
 [350 321 292  -1]
 [ -1 335 305 277]
 [ -1 319 290  -1]]
   -> Island 316 Shape: (4, 2)
[[ -1  -1]
 [289  -1]
 [316 303]
 [333  -1]]
   -> Island 10 Shape: (5, 4)
[[-1 -1 -1 -1]
 [ 5  0 -1 -1]
 [16 10  6  1]
 [24 17 11 -1]
 [-1 33 25 -1]]
   -> Island 147 Shape: (3, 3)
[[147 157 170]
 [134 146  -1]
 [ -1 123  -1]]
   -> Island 240 Shape: (4, 2)
[[ -1  -1]
 [255  -1]
 [240 224]
 [210  -1]]
   -> Island 215 Shape: (5, 3)
[[ -1  -1  -1]
 [185 200 212]
 [201 215 229]
 [230 247  -1]
 [ -1 261  -1]]
   -> Island 460 Shape: (5, 4)
[[ -1  -1  -1  -1]
 [451 437 424  -1]
 [470 460 449 433]
 [478 466 458  -1]
 [ -1 487 475  -1]]
   -> Island 140 Shape: (5, 4)
[[ -1  -1  -1  -1]
 [ -1 154  -1  -1]
 [ -1 140 167 195]
 [125 155 180  -1]
 [ -1 141 168  -1]]
   -> Island 67 Shape: (2, 4)
[[59 67 83 92]
 [48 57 69 -1]]
   -> Island 567 Shape: (2, 2)
[[567 562]
 [564  -1]]
[Diag] Wave step complete: Added 133 structural ears.
Wave 3
   -> Island 545 Shape: (4, 2)
[[ -1  -1]
 [548  -1]
 [545 553]
 [550  -1]]
   -> Island 111 Shape: (5, 5)
[[ -1  -1 144 129  -1]
 [ -1 132 119 110  -1]
 [ -1 122 111  98  85]
 [112  99  86  73  62]
 [ -1  87  74  63  52]]
   -> Island 341 Shape: (5, 4)
[[ -1 297 281  -1]
 [328 310 294  -1]
 [356 341 325 306]
 [370 353 337 320]
 [399 383 367 349]]
   -> Island 40 Shape: (4, 9)
[[ -1  -1  -1  70  -1  -1  -1  -1  -1]
 [ -1  -1  49  58  -1  80  -1 108  -1]
 [ -1  23  31  40  47  59  67  83  92]
 [  9  14  22  30  39  48  57  69  -1]]
   -> Island 526 Shape: (4, 5)
[[ -1  -1  -1 541  -1]
 [ -1 530 536 539  -1]
 [ -1 520 526 533 537]
 [509 515 521  -1  -1]]
   -> Island 207 Shape: (5, 5)
[[ -1  -1 256 239  -1]
 [ -1 238 223 208  -1]
 [ -1 222 207 193  -1]
 [205 192 179 165  -1]
 [ -1 178 163 152 135]]
   -> Island 382 Shape: (3, 4)
[[ -1 382 392  -1]
 [397 405 417  -1]
 [ -1 419 428 440]]
   -> Island 355 Shape: (5, 5)
[[ -1  -1 358 331  -1]
 [ -1 371 343 314  -1]
 [ -1 381 355 329 301]
 [391 368 339  -1  -1]
 [ -1 378 352 326  -1]]
   -> Island 20 Shape: (5, 4)
[[-1  4 -1 -1]
 [ 8 13 21 -1]
 [-1 20 28 37]
 [27 36 45 55]
 [35 44 54 65]]
   -> Island 308 Shape: (8, 5)
[[ -1 342 311 286  -1]
 [354 327 298  -1  -1]
 [ -1 340 308 282 257]
 [ -1 324 295 269  -1]
 [ -1 338 307 279  -1]
 [350 321 292  -1  -1]
 [364 335 305 277  -1]
 [ -1 319 290  -1  -1]]
   -> Island 159 Shape: (5, 5)
[[ -1  -1 156 188  -1]
 [ -1 143 176 202  -1]
 [ -1 128 159 189 219]
 [121 142 175 203  -1]
 [ -1 127 158 191 221]]
   -> Island 476 Shape: (5, 4)
[[ -1 508 500  -1]
 [497 489 479  -1]
 [486 476 468 462]
 [ -1 459 450  -1]
 [ -1 447 435  -1]]
   -> Island 499 Shape: (4, 3)
[[ -1 473 464]
 [490 480 469]
 [510 499 488]
 [ -1 507 495]]
   -> Island 467 Shape: (2, 3)
[[ -1 467 448]
 [477 457  -1]]
   -> Island 316 Shape: (4, 2)
[[ -1  -1]
 [289  -1]
 [316 303]
 [333  -1]]
   -> Island 10 Shape: (5, 5)
[[-1 -1 -1 -1 -1]
 [-1  5  0 -1 -1]
 [-1 16 10  6  1]
 [32 24 17 11 -1]
 [-1 41 33 25 18]]
   -> Island 147 Shape: (5, 3)
[[ -1  -1  -1]
 [ -1 183  -1]
 [147 157 170]
 [134 146 160]
 [113 123 133]]
   -> Island 240 Shape: (4, 2)
[[ -1  -1]
 [255  -1]
 [240 224]
 [210  -1]]
   -> Island 215 Shape: (5, 5)
[[ -1  -1 172 187  -1]
 [ -1 185 200 212  -1]
 [ -1 201 215 229 246]
 [217 230 247  -1  -1]
 [ -1 249 261 271  -1]]
   -> Island 460 Shape: (5, 4)
[[ -1 427 413  -1]
 [451 437 424  -1]
 [470 460 449 433]
 [478 466 458 445]
 [498 487 475  -1]]
   -> Island 140 Shape: (8, 5)
[[ -1  -1  -1  -1  -1]
 [ -1 154  -1  -1  -1]
 [ -1 140 167 195  -1]
 [125 155 180 209  -1]
 [ -1 141 168 196  -1]
 [ -1  -1 182 211  -1]
 [ -1  -1 169 198 231]
 [ -1  -1 181 216  -1]]
   -> Island 567 Shape: (2, 2)
[[567 562]
 [564  -1]]
[Diag] Wave step complete: Added 190 structural ears.
Wave 4
   -> Island 545 Shape: (4, 2)
[[ -1  -1]
 [548  -1]
 [545 553]
 [550  -1]]
   -> Island 111 Shape: (14, 13)
[[ -1  -1  29  46  -1  -1  -1  -1  -1  -1  -1  -1  -1]
 [ -1  21  37  55  -1  -1  -1 147  -1  -1  -1  -1  -1]
 [  4  13  28  45  65  -1 113 134 157 183  -1  -1  -1]
 [  8  20  36  54  75 100 123 146 170  -1 228  -1  -1]
 [ -1  -1  27  44  64  87 112 133 160 187 212 246  -1]
 [ -1  19  35  53  74  99 122 145 172 200 229  -1  -1]
 [ -1  -1  -1  43  63  86 111 132  -1 185 215 247 271]
 [ -1  -1  -1  52  73  98 119 144 171 201 230 261 284]
 [ -1  -1  -1  -1  62  85 110 129 156 188 217 249 272]
 [ -1  -1  -1  -1  72  97 118 143 176 202 232  -1  -1]
 [ -1  -1  -1  -1  -1  -1 105 128 159 189 219  -1  -1]
 [ -1  -1  -1  -1  -1  -1 121 142 175 203  -1  -1  -1]
 [ -1  -1  -1  -1  -1  -1  -1 127 158 191 221  -1  -1]
 [ -1  -1  -1  -1  -1  -1  -1 149 177 204  -1  -1  -1]]
   -> Island 341 Shape: (6, 4)
[[313 297 281 266]
 [328 310 294 278]
 [356 341 325 306]
 [370 353 337 320]
 [399 383 367 349]
 [409 393 379  -1]]
   -> Island 40 Shape: (6, 12)
[[ -1  -1  -1  -1  -1  -1  -1  -1  -1  -1  -1  -1]
 [ 34  42  51  -1  -1  -1  -1  -1  -1  -1  -1  -1]
 [ 18  25  33  41  -1  60  70  81  -1  -1  -1  -1]
 [ 11  17  24  32  -1  49  58  68  80  -1 108  -1]
 [  1   6  10  16  23  31  40  47  59  67  83  92]
 [ -1   0   5   9  14  22  30  39  48  57  69  -1]]
   -> Island 526 Shape: (5, 5)
[[ -1  -1  -1 541  -1]
 [525 530 536 539  -1]
 [512 520 526 533 537]
 [509 515 521  -1  -1]
 [ -1 501  -1  -1  -1]]
   -> Island 382 Shape: (3, 4)
[[ -1 382 392  -1]
 [397 405 417  -1]
 [ -1 419 428 440]]
   -> Island 355 Shape: (6, 5)
[[ -1 384 358 331 302]
 [396 371 343 314  -1]
 [ -1 381 355 329 301]
 [391 368 339  -1  -1]
 [ -1 378 352 326  -1]
 [ -1 365  -1  -1  -1]]
   -> Island 308 Shape: (10, 9)
[[ -1  -1  -1  -1  -1  -1  -1  -1  -1]
 [ -1 330 300  -1  -1  -1  -1  -1  -1]
 [ -1 342 311 286  -1  -1  -1  -1  -1]
 [354 327 298  -1  -1  -1  -1  -1  -1]
 [369 340 308 282 257  -1  -1  -1  -1]
 [351 324 295 269 239 208  -1 153  -1]
 [366 338 307 279 256 223 193 165 135]
 [350 321 292 267 238 207 179 152 120]
 [364 335 305 277 253 222 192 163 136]
 [ -1 319 290  -1 237 205 178 148  -1]]
   -> Island 476 Shape: (6, 5)
[[ -1 513 508 500 491]
 [505 497 489 479 471]
 [ -1 486 476 468 462]
 [ -1  -1 459 450  -1]
 [ -1  -1 447 435  -1]
 [ -1  -1 422  -1  -1]]
   -> Island 499 Shape: (4, 4)
[[482 473 464 453]
 [490 480 469  -1]
 [510 499 488  -1]
 [ -1 507 495  -1]]
   -> Island 467 Shape: (2, 3)
[[ -1 467 448]
 [477 457  -1]]
   -> Island 316 Shape: (4, 2)
[[ -1  -1]
 [289  -1]
 [316 303]
 [333  -1]]
   -> Island 240 Shape: (4, 2)
[[ -1  -1]
 [255  -1]
 [240 224]
 [210  -1]]
   -> Island 460 Shape: (6, 6)
[[ -1 441 427 413 400  -1]
 [463 451 437 424 408  -1]
 [ -1 470 460 449 433 421]
 [ -1 478 466 458 445  -1]
 [ -1 498 487 475  -1  -1]
 [ -1  -1 494  -1  -1  -1]]
   -> Island 140 Shape: (8, 5)
[[ -1  -1  -1  -1  -1]
 [ -1 154  -1  -1  -1]
 [ -1 140 167 195 227]
 [125 155 180 209  -1]
 [ -1 141 168 196  -1]
 [ -1  -1 182 211  -1]
 [ -1  -1 169 198 231]
 [ -1  -1 181 216  -1]]
   -> Island 567 Shape: (2, 2)
[[567 562]
 [564  -1]]
[Diag] Wave step complete: Added 262 structural ears.
Wave 5
   -> Island 545 Shape: (4, 2)
[[ -1  -1]
 [548  -1]
 [545 553]
 [550  -1]]
   -> Island 111 Shape: (25, 16)
[[ -1  -1  -1  -1  -1  -1  -1  -1  -1  -1  -1  -1  -1  -1  -1  -1]
 [359 330 300  -1  -1  -1  -1  -1  -1  -1  -1  -1  -1  -1  -1  -1]
 [372 342 311 286  -1  -1  -1  -1  -1  -1  -1  -1  -1  -1  -1  -1]
 [354 327 298  -1  -1  -1  -1  -1  -1  -1  -1  -1  -1  -1  -1  -1]
 [369 340 308 282 257  -1  -1  -1  -1  -1  -1  -1  -1  -1  -1  -1]
 [351 324 295 269 239 208  -1 153  -1  92  69  -1  -1  -1  -1  -1]
 [366 338 307 279 256 223 193 165 135 108  83  57  -1  -1  -1  -1]
 [350 321 292 267 238 207 179 152 120  -1  67  48  -1  -1  -1  -1]
 [364 335 305 277 253 222 192 163 136  -1  80  59  39  -1  -1  -1]
 [ -1 319 290  -1 237 205 178 148  -1  94  68  47  30  -1  -1  -1]
 [ -1  -1  -1  -1  -1 220 190 164  -1  -1  81  58  40  22  -1  -1]
 [ -1  -1  -1  -1 234 204 177 149 117  93  70  49  31  14  -1  -1]
 [ -1  -1  -1  -1  -1 221 191 158 127 104  82  60  -1  23   9  -1]
 [ -1  -1  -1  -1  -1 203 175 142 121  95  -1  50  32  16   5  -1]
 [ -1  -1  -1  -1 248 219 189 159 128 105  -1  61  41  24  10   0]
 [ -1  -1  -1 263 232 202 176 143 118  97  72  51  33  17   6  -1]
 [ -1  -1  -1 272 249 217 188 156 129 110  85  62  42  25  11   1]
 [ -1  -1 284 261 230 201 171 144 119  98  73  52  34  18  -1  -1]
 [ -1  -1  -1 271 247 215 185  -1 132 111  86  63  43  26  -1  -1]
 [ -1  -1  -1  -1 229 200 172 145 122  99  74  53  35  19  -1  -1]
 [ -1  -1  -1  -1 246 212 187 160 133 112  87  64  44  27  -1  -1]
 [ -1  -1  -1  -1 228  -1 170 146 123 100  75  54  36  20   8  -1]
 [ -1  -1  -1  -1  -1  -1 183 157 134 113  88  65  45  28  13   4]
 [ -1  -1  -1  -1  -1  -1  -1 147  -1  -1  76  55  37  21  -1  -1]
 [ -1  -1  -1  -1  -1  -1  -1  -1  -1  -1  -1  -1  46  29  15  -1]]
   -> Island 341 Shape: (8, 4)
[[ -1  -1  -1  -1]
 [285 270 254  -1]
 [313 297 281 266]
 [328 310 294 278]
 [356 341 325 306]
 [370 353 337 320]
 [399 383 367 349]
 [409 393 379  -1]]
   -> Island 382 Shape: (3, 4)
[[ -1 382 392  -1]
 [397 405 417  -1]
 [ -1 419 428 440]]
   -> Island 355 Shape: (8, 5)
[[ -1  -1  -1  -1  -1]
 [ -1 373 345 315  -1]
 [ -1 384 358 331 302]
 [396 371 343 314  -1]
 [ -1 381 355 329 301]
 [391 368 339  -1  -1]
 [403 378 352 326  -1]
 [388 365  -1  -1  -1]]
   -> Island 476 Shape: (8, 6)
[[ -1  -1  -1  -1  -1  -1]
 [ -1  -1 514  -1  -1  -1]
 [ -1 513 508 500 491  -1]
 [505 497 489 479 471  -1]
 [493 486 476 468 462 452]
 [ -1  -1 459 450  -1  -1]
 [ -1  -1 447 435  -1  -1]
 [ -1 432 422  -1  -1  -1]]
   -> Island 467 Shape: (2, 3)
[[ -1 467 448]
 [477 457  -1]]
   -> Island 316 Shape: (4, 2)
[[ -1  -1]
 [289  -1]
 [316 303]
 [333  -1]]
   -> Island 240 Shape: (4, 2)
[[ -1  -1]
 [255  -1]
 [240 224]
 [210  -1]]
   -> Island 460 Shape: (11, 12)
[[ -1  -1  -1  -1  -1  -1  -1  -1  -1  -1  -1  -1]
 [ -1 495 507  -1  -1  -1  -1  -1  -1  -1  -1  -1]
 [ -1  -1 488 499 510  -1  -1  -1 534  -1 541  -1]
 [461 469 480 490  -1  -1  -1 525 530 536 539  -1]
 [ -1 453 464 473 482 494  -1 512 520 526 533 537]
 [ -1 443 455  -1 475 487 498 509 515 521  -1  -1]
 [ -1  -1 430 445 458 466 478  -1 501  -1  -1  -1]
 [ -1  -1 421 433 449 460 470 481  -1  -1  -1  -1]
 [ -1  -1  -1 408 424 437 451 463  -1  -1  -1  -1]
 [ -1  -1  -1 400 413 427 441  -1  -1  -1  -1  -1]
 [ -1  -1  -1  -1 385  -1 416  -1  -1  -1  -1  -1]]
   -> Island 140 Shape: (8, 5)
[[ -1  -1  -1  -1  -1]
 [ -1 154  -1  -1  -1]
 [ -1 140 167 195 227]
 [125 155 180 209 245]
 [ -1 141 168 196  -1]
 [ -1  -1 182 211  -1]
 [ -1  -1 169 198 231]
 [ -1  -1 181 216  -1]]
   -> Island 567 Shape: (2, 2)
[[567 562]
 [564  -1]]
[Diag] Wave step complete: Added 305 structural ears.
Wave 6
   -> Island 545 Shape: (4, 2)
[[ -1  -1]
 [548  -1]
 [545 553]
 [550  -1]]
   -> Island 111 Shape: (26, 17)
[[ -1  -1  -1  -1  -1  -1  -1  -1  -1  -1  -1  -1  -1  -1  -1  -1  -1]
 [ -1 359 330 300  -1  -1  -1  -1  -1  -1  -1  -1  -1  -1  -1  -1  -1]
 [ -1 372 342 311 286  -1  -1  -1  -1  -1  -1  -1  -1  -1  -1  -1  -1]
 [ -1 354 327 298  -1  -1  -1  -1  -1  -1  -1  -1  -1  -1  -1  -1  -1]
 [ -1 369 340 308 282 257  -1  -1  -1  -1  -1  -1  -1  -1  -1  -1  -1]
 [380 351 324 295 269 239 208  -1 153  -1  92  69  -1  -1  -1  -1  -1]
 [ -1 366 338 307 279 256 223 193 165 135 108  83  57  -1  -1  -1  -1]
 [ -1 350 321 292 267 238 207 179 152 120  -1  67  48  -1  -1  -1  -1]
 [ -1 364 335 305 277 253 222 192 163 136 109  80  59  39  -1  -1  -1]
 [ -1  -1 319 290  -1 237 205 178 148 116  94  68  47  30  -1  -1  -1]
 [ -1  -1  -1  -1  -1 251 220 190 164 131 107  81  58  40  22  -1  -1]
 [ -1  -1  -1  -1  -1 234 204 177 149 117  93  70  49  31  14  -1  -1]
 [ -1  -1  -1  -1  -1 250 221 191 158 127 104  82  60  -1  23   9  -1]
 [ -1  -1  -1  -1  -1  -1 203 175 142 121  95  71  50  32  16   5  -1]
 [ -1  -1  -1  -1  -1 248 219 189 159 128 105  84  61  41  24  10   0]
 [ -1  -1  -1 287 263 232 202 176 143 118  97  72  51  33  17   6  -1]
 [ -1  -1  -1 299 272 249 217 188 156 129 110  85  62  42  25  11   1]
 [ -1  -1  -1 284 261 230 201 171 144 119  98  73  52  34  18  -1  -1]
 [ -1  -1  -1  -1 271 247 215 185  -1 132 111  86  63  43  26  12  -1]
 [ -1  -1  -1  -1  -1 229 200 172 145 122  99  74  53  35  19  -1  -1]
 [ -1  -1  -1  -1  -1 246 212 187 160 133 112  87  64  44  27  -1  -1]
 [ -1  -1  -1  -1  -1 228  -1 170 146 123 100  75  54  36  20   8  -1]
 [ -1  -1  -1  -1  -1  -1  -1 183 157 134 113  88  65  45  28  13   4]
 [ -1  -1  -1  -1  -1  -1  -1  -1 147  -1 101  76  55  37  21  -1  -1]
 [ -1  -1  -1  -1  -1  -1  -1  -1  -1  -1  -1  -1  -1  46  29  15  -1]
 [ -1  -1  -1  -1  -1  -1  -1  -1  -1  -1  -1  -1  -1  38  -1  -1  -1]]
   -> Island 341 Shape: (9, 5)
[[ -1  -1  -1  -1  -1]
 [285 270 254 236  -1]
 [313 297 281 266 252]
 [328 310 294 278  -1]
 [356 341 325 306  -1]
 [370 353 337 320  -1]
 [399 383 367 349  -1]
 [409 393 379  -1  -1]
 [ -1 423 406  -1  -1]]
   -> Island 382 Shape: (3, 4)
[[ -1 382 392  -1]
 [397 405 417  -1]
 [ -1 419 428 440]]
   -> Island 476 Shape: (9, 6)
[[ -1  -1  -1  -1  -1  -1]
 [ -1  -1 514  -1  -1  -1]
 [ -1 513 508 500 491 483]
 [505 497 489 479 471  -1]
 [493 486 476 468 462 452]
 [474  -1 459 450  -1  -1]
 [ -1 456 447 435  -1  -1]
 [ -1 432 422  -1  -1  -1]
 [ -1  -1 407  -1  -1  -1]]
   -> Island 467 Shape: (2, 3)
[[ -1 467 448]
 [477 457  -1]]
   -> Island 316 Shape: (4, 2)
[[ -1  -1]
 [289  -1]
 [316 303]
 [333  -1]]
   -> Island 240 Shape: (4, 2)
[[ -1  -1]
 [255  -1]
 [240 224]
 [210  -1]]
   -> Island 460 Shape: (12, 13)
[[ -1 537  -1  -1  -1  -1  -1  -1  -1  -1  -1  -1  -1]
 [539 533 521  -1  -1 472 454 429  -1  -1  -1  -1  -1]
 [541 536 526 515 501 481 463 441 416  -1  -1  -1  -1]
 [ -1 530 520 509  -1 470 451 427  -1  -1  -1  -1  -1]
 [ -1 534 525 512 498 478 460 437 413 385  -1  -1  -1]
 [ -1 529 519  -1 487 466 449 424 400 373 345 315  -1]
 [ -1  -1  -1  -1 494 475 458 433 408 384 358 331 302]
 [ -1  -1  -1  -1 482  -1 445 421 396 371 343 314  -1]
 [ -1  -1  -1 510 490 473 455 430  -1 381 355 329 301]
 [ -1  -1  -1 499 480 464 443 418 391 368 339  -1  -1]
 [ -1  -1  -1 507 488 469 453  -1 403 378 352 326  -1]
 [ -1  -1  -1 495  -1 461 438  -1 388 365  -1  -1  -1]]
   -> Island 140 Shape: (8, 6)
[[ -1  -1  -1  -1  -1  -1]
 [ -1 154  -1  -1  -1  -1]
 [ -1 140 167 195 227 259]
 [125 155 180 209 245  -1]
 [ -1 141 168 196  -1  -1]
 [ -1  -1 182 211  -1  -1]
 [ -1  -1 169 198 231  -1]
 [ -1  -1 181 216  -1  -1]]
   -> Island 567 Shape: (2, 2)
[[567 562]
 [564  -1]]
[Diag] Wave step complete: Added 224 structural ears.
Wave 7
   -> Island 545 Shape: (4, 2)
[[ -1  -1]
 [548  -1]
 [545 553]
 [550  -1]]
   -> Island 111 Shape: (34, 16)
[[ -1  -1  -1  -1  -1  -1  -1  -1  -1  -1  -1  -1  -1  -1  -1  -1]
 [ -1  -1  -1  -1  -1  -1  -1  -1  -1 514  -1  -1  -1  -1  -1  -1]
 [ -1  -1  -1  -1  -1  -1  -1  -1 513 508 500 491 483  -1  -1  -1]
 [ -1  -1  -1  -1  -1  -1  -1 505 497 489 479 471  -1  -1  -1  -1]
 [ -1  -1  -1  -1  -1  -1  -1 493 486 476 468 462 452  -1  -1  -1]
 [ -1  -1  -1  -1  -1  -1 484 474  -1 459 450  -1  -1  -1  -1  -1]
 [ -1  -1  -1  -1  -1  -1  -1  -1 456 447 435  -1  -1  -1  -1  -1]
 [ -1  -1  -1  -1  -1  -1  -1 444 432 422  -1  -1  -1  -1  -1  -1]
 [ -1  -1  -1  -1  -1  -1  -1  -1 420 407 394  -1 372 359  -1  -1]
 [ -1  -1  -1  -1  -1  -1  -1  -1 390 380 369 354 342 330  -1  -1]
 [ -1  -1  -1  -1  -1  -1  -1  -1  -1 366 351 340 327 311 300  -1]
 [ -1  -1  -1  -1  -1  -1  -1 364 350 338 324 308 298 286  -1  -1]
 [ -1  -1  -1  -1  -1  -1  -1  -1 335 321 307 295 282  -1  -1  -1]
 [ -1  -1  -1  -1  -1  -1  -1 319 305 292 279 269 257  -1  -1  -1]
 [ -1  -1  -1  -1  -1  -1  -1  -1 290 277 267 256 239  -1  -1  -1]
 [ -1  -1  -1  -1  -1  -1  -1  -1  -1 253 238 223 208  -1  -1  -1]
 [ -1  -1  -1  -1  -1  -1  -1 264 251 237 222 207 193  -1  -1  -1]
 [ -1 309 299 287 273  -1 250 234 220 205 192 179 165 153  -1  -1]
 [ -1  -1 284 272 263 248  -1 221 204 190 178 163 152 135  -1  -1]
 [ -1 271 261 249 232 219 203 191 177 164 148 136 120 108  92  -1]
 [ -1  -1 247 230 217 202 189 175 158 149 131 116 109  -1  83  69]
 [246 229 215 201 188 176 159 142 127 117 107  94  80  67  57  -1]
 [228 212 200 185 171 156 143 128 121 104  93  81  68  59  48  -1]
 [ -1 187 172  -1 144 129 118 105  95  82  70  58  47  39  -1  -1]
 [183 170 160 145 132 119 110  97  84  71  60  49  40  30  -1  -1]
 [157 146 133 122 111  98  85  72  61  50  -1  31  22  -1  -1  -1]
 [147 134 123 112  99  86  73  62  51  41  32  23  14  -1  -1  -1]
 [ -1 113 100  87  74  63  52  42  33  24  16   9  -1  -1  -1  -1]
 [ -1 101  88  75  64  53  43  34  25  17  10   5  -1  -1  -1  -1]
 [ -1  76  65  54  44  35  26  18  11   6   0  -1  -1  -1  -1  -1]
 [ -1  -1  55  45  36  27  19  12  -1   1  -1  -1  -1  -1  -1  -1]
 [ 56  46  37  28  20  -1   7  -1  -1  -1  -1  -1  -1  -1  -1  -1]
 [ -1  38  29  21  13   8  -1  -1  -1  -1  -1  -1  -1  -1  -1  -1]
 [ -1  -1  15  -1   4  -1  -1  -1  -1  -1  -1  -1  -1  -1  -1  -1]]
   -> Island 341 Shape: (9, 5)
[[ -1  -1  -1  -1  -1]
 [285 270 254 236  -1]
 [313 297 281 266 252]
 [328 310 294 278  -1]
 [356 341 325 306  -1]
 [370 353 337 320  -1]
 [399 383 367 349  -1]
 [409 393 379  -1  -1]
 [434 423 406  -1  -1]]
   -> Island 382 Shape: (3, 4)
[[ -1 382 392  -1]
 [397 405 417  -1]
 [ -1 419 428 440]]
   -> Island 467 Shape: (2, 3)
[[ -1 467 448]
 [477 457  -1]]
   -> Island 316 Shape: (4, 2)
[[ -1  -1]
 [289  -1]
 [316 303]
 [333  -1]]
   -> Island 240 Shape: (4, 2)
[[ -1  -1]
 [255  -1]
 [240 224]
 [210  -1]]
   -> Island 460 Shape: (12, 13)
[[ -1 537  -1  -1  -1  -1  -1  -1  -1  -1  -1  -1  -1]
 [539 533 521  -1 492 472 454 429 404  -1  -1  -1  -1]
 [541 536 526 515 501 481 463 441 416  -1  -1  -1  -1]
 [ -1 530 520 509  -1 470 451 427  -1  -1  -1  -1  -1]
 [ -1 534 525 512 498 478 460 437 413 385 361  -1  -1]
 [ -1 529 519  -1 487 466 449 424 400 373 345 315  -1]
 [ -1  -1  -1  -1 494 475 458 433 408 384 358 331 302]
 [ -1  -1  -1  -1 482  -1 445 421 396 371 343 314  -1]
 [ -1  -1  -1 510 490 473 455 430  -1 381 355 329 301]
 [ -1  -1  -1 499 480 464 443 418 391 368 339  -1  -1]
 [ -1  -1  -1 507 488 469 453  -1 403 378 352 326  -1]
 [ -1  -1  -1 495  -1 461 438 415 388 365  -1  -1  -1]]
   -> Island 140 Shape: (8, 6)
[[ -1  -1  -1  -1  -1  -1]
 [ -1 154  -1  -1 241  -1]
 [ -1 140 167 195 227 259]
 [125 155 180 209 245  -1]
 [ -1 141 168 196  -1  -1]
 [ -1  -1 182 211  -1  -1]
 [ -1  -1 169 198 231  -1]
 [ -1  -1 181 216  -1  -1]]
   -> Island 567 Shape: (2, 2)
[[567 562]
 [564  -1]]
[Diag] Wave step complete: Added 154 structural ears.
Wave 8
   -> Island 545 Shape: (4, 2)
[[ -1  -1]
 [548  -1]
 [545 553]
 [550  -1]]
   -> Island 111 Shape: (34, 19)
[[ -1  -1  -1  -1  -1  -1  -1  -1  -1  -1  -1  -1  -1  -1  -1  -1  -1  -1  -1]
 [ -1  -1  -1  -1  -1 541 539 537  -1  -1  -1  -1 514  -1  -1  -1  -1  -1  -1]
 [ -1  -1  -1  -1  -1  -1 536 533  -1  -1  -1 513 508 500 491 483  -1  -1  -1]
 [ -1  -1  -1  -1 534 530 526 521  -1  -1 505 497 489 479 471  -1  -1  -1  -1]
 [ -1  -1  -1  -1 529 525 520 515  -1 503 493 486 476 468 462 452  -1  -1  -1]
 [ -1  -1  -1 522 519 512 509 501 492 484 474  -1 459 450  -1  -1  -1  -1  -1]
 [ -1  -1  -1  -1  -1  -1 498  -1 481 472 465 456 447 435  -1  -1  -1  -1  -1]
 [ -1  -1 510  -1 494 487 478 470 463 454 444 432 422  -1  -1  -1  -1  -1  -1]
 [ -1 507 499 490 482 475 466 460 451 441 429 420 407 394  -1 372 359  -1  -1]
 [495 488 480 473  -1 458 449 437 427 416 404 390 380 369 354 342 330  -1  -1]
 [ -1  -1 469 464 455 445 433 424 413  -1 387  -1 366 351 340 327 311 300  -1]
 [ -1 461 453 443 430 421 408 400 385 376 364 350 338 324 308 298 286  -1  -1]
 [ -1  -1 438  -1 418  -1 396 384 373 361  -1 335 321 307 295 282  -1  -1  -1]
 [ -1  -1 415 403 391 381 371 358 345  -1 319 305 292 279 269 257  -1  -1  -1]
 [ -1  -1 401 388 378 368 355 343 331 315  -1 290 277 267 256 239  -1  -1  -1]
 [ -1  -1  -1 365 352 339 329 314 302  -1  -1  -1 253 238 223 208  -1  -1  -1]
 [ -1  -1  -1  -1  -1 326  -1 301  -1 275 264 251 237 222 207 193  -1  -1  -1]
 [ -1  -1  -1  -1 309 299 287 273  -1 250 234 220 205 192 179 165 153  -1  -1]
 [ -1  -1  -1  -1  -1 284 272 263 248  -1 221 204 190 178 163 152 135  -1  -1]
 [ -1  -1  -1  -1 271 261 249 232 219 203 191 177 164 148 136 120 108  92  -1]
 [ -1  -1  -1  -1  -1 247 230 217 202 189 175 158 149 131 116 109  -1  83  69]
 [ -1  -1  -1 246 229 215 201 188 176 159 142 127 117 107  94  80  67  57  -1]
 [ -1  -1  -1 228 212 200 185 171 156 143 128 121 104  93  81  68  59  48  -1]
 [ -1  -1  -1  -1 187 172  -1 144 129 118 105  95  82  70  58  47  39  -1  -1]
 [ -1  -1  -1 183 170 160 145 132 119 110  97  84  71  60  49  40  30  -1  -1]
 [ -1  -1  -1 157 146 133 122 111  98  85  72  61  50  -1  31  22  -1  -1  -1]
 [ -1  -1  -1 147 134 123 112  99  86  73  62  51  41  32  23  14  -1  -1  -1]
 [ -1  -1  -1  -1 113 100  87  74  63  52  42  33  24  16   9  -1  -1  -1  -1]
 [ -1  -1  -1  -1 101  88  75  64  53  43  34  25  17  10   5  -1  -1  -1  -1]
 [ -1  -1  -1  89  76  65  54  44  35  26  18  11   6   0  -1  -1  -1  -1  -1]
 [ -1  -1  -1  -1  -1  55  45  36  27  19  12  -1   1  -1  -1  -1  -1  -1  -1]
 [ -1  -1  -1  56  46  37  28  20  -1   7   2  -1  -1  -1  -1  -1  -1  -1  -1]
 [ -1  -1  -1  -1  38  29  21  13   8  -1  -1  -1  -1  -1  -1  -1  -1  -1  -1]
 [ -1  -1  -1  -1  -1  15  -1   4  -1  -1  -1  -1  -1  -1  -1  -1  -1  -1  -1]]
   -> Island 341 Shape: (12, 5)
[[ -1  -1  -1  -1  -1]
 [285 270 254 236 218]
 [313 297 281 266 252]
 [328 310 294 278  -1]
 [356 341 325 306  -1]
 [370 353 337 320  -1]
 [399 383 367 349  -1]
 [409 393 379  -1  -1]
 [434 423 406  -1  -1]
 [448  -1  -1  -1  -1]
 [467 457  -1  -1  -1]
 [477  -1  -1  -1  -1]]
   -> Island 382 Shape: (3, 4)
[[ -1 382 392  -1]
 [397 405 417  -1]
 [ -1 419 428 440]]
   -> Island 316 Shape: (4, 2)
[[ -1  -1]
 [289  -1]
 [316 303]
 [333  -1]]
   -> Island 240 Shape: (4, 2)
[[ -1  -1]
 [255  -1]
 [240 224]
 [210  -1]]
   -> Island 140 Shape: (8, 6)
[[ -1  -1  -1  -1  -1  -1]
 [ -1 154  -1  -1 241  -1]
 [ -1 140 167 195 227 259]
 [125 155 180 209 245  -1]
 [ -1 141 168 196  -1  -1]
 [ -1  -1 182 211  -1  -1]
 [ -1  -1 169 198 231  -1]
 [ -1  -1 181 216  -1  -1]]
   -> Island 567 Shape: (2, 2)
[[567 562]
 [564  -1]]
[Diag] Wave step complete: Added 86 structural ears.
Wave 9
   -> Island 545 Shape: (4, 2)
[[ -1  -1]
 [548  -1]
 [545 553]
 [550  -1]]
   -> Island 111 Shape: (34, 19)
[[ -1  -1  -1  -1  -1  -1  -1  -1  -1  -1  -1  -1  -1  -1  -1  -1  -1  -1  -1]
 [ -1  -1  -1  -1  -1 541 539 537  -1  -1  -1  -1 514  -1  -1  -1  -1  -1  -1]
 [ -1  -1  -1  -1  -1  -1 536 533  -1  -1  -1 513 508 500 491 483  -1  -1  -1]
 [ -1  -1  -1  -1 534 530 526 521  -1  -1 505 497 489 479 471  -1  -1  -1  -1]
 [ -1  -1  -1  -1 529 525 520 515  -1 503 493 486 476 468 462 452  -1  -1  -1]
 [ -1  -1  -1 522 519 512 509 501 492 484 474  -1 459 450  -1  -1  -1  -1  -1]
 [ -1  -1  -1  -1 511  -1 498  -1 481 472 465 456 447 435  -1  -1  -1  -1  -1]
 [ -1  -1 510  -1 494 487 478 470 463 454 444 432 422  -1  -1  -1  -1  -1  -1]
 [ -1 507 499 490 482 475 466 460 451 441 429 420 407 394  -1 372 359  -1  -1]
 [495 488 480 473  -1 458 449 437 427 416 404 390 380 369 354 342 330  -1  -1]
 [ -1  -1 469 464 455 445 433 424 413  -1 387  -1 366 351 340 327 311 300  -1]
 [ -1 461 453 443 430 421 408 400 385 376 364 350 338 324 308 298 286  -1  -1]
 [ -1  -1 438  -1 418  -1 396 384 373 361  -1 335 321 307 295 282  -1  -1  -1]
 [ -1 426 415 403 391 381 371 358 345  -1 319 305 292 279 269 257  -1  -1  -1]
 [ -1  -1 401 388 378 368 355 343 331 315  -1 290 277 267 256 239  -1  -1  -1]
 [ -1  -1  -1 365 352 339 329 314 302  -1 276  -1 253 238 223 208  -1  -1  -1]
 [ -1  -1  -1  -1  -1 326  -1 301  -1 275 264 251 237 222 207 193  -1  -1  -1]
 [ -1  -1  -1  -1 309 299 287 273  -1 250 234 220 205 192 179 165 153  -1  -1]
 [ -1  -1  -1  -1  -1 284 272 263 248  -1 221 204 190 178 163 152 135  -1  -1]
 [ -1  -1  -1  -1 271 261 249 232 219 203 191 177 164 148 136 120 108  92  -1]
 [ -1  -1  -1  -1  -1 247 230 217 202 189 175 158 149 131 116 109  -1  83  69]
 [ -1  -1  -1 246 229 215 201 188 176 159 142 127 117 107  94  80  67  57  -1]
 [ -1  -1  -1 228 212 200 185 171 156 143 128 121 104  93  81  68  59  48  -1]
 [ -1  -1  -1  -1 187 172  -1 144 129 118 105  95  82  70  58  47  39  -1  -1]
 [ -1  -1  -1 183 170 160 145 132 119 110  97  84  71  60  49  40  30  -1  -1]
 [ -1  -1  -1 157 146 133 122 111  98  85  72  61  50  -1  31  22  -1  -1  -1]
 [ -1  -1  -1 147 134 123 112  99  86  73  62  51  41  32  23  14  -1  -1  -1]
 [ -1  -1  -1  -1 113 100  87  74  63  52  42  33  24  16   9  -1  -1  -1  -1]
 [ -1  -1  -1 114 101  88  75  64  53  43  34  25  17  10   5  -1  -1  -1  -1]
 [ -1  -1  -1  89  76  65  54  44  35  26  18  11   6   0  -1  -1  -1  -1  -1]
 [ -1  -1  -1  -1  -1  55  45  36  27  19  12  -1   1  -1  -1  -1  -1  -1  -1]
 [ -1  -1  -1  56  46  37  28  20  -1   7   2  -1  -1  -1  -1  -1  -1  -1  -1]
 [ -1  -1  -1  -1  38  29  21  13   8  -1  -1  -1  -1  -1  -1  -1  -1  -1  -1]
 [ -1  -1  -1  -1  -1  15  -1   4  -1  -1  -1  -1  -1  -1  -1  -1  -1  -1  -1]]
   -> Island 341 Shape: (12, 6)
[[ -1  -1  -1  -1  -1  -1]
 [285 270 254 236 218  -1]
 [313 297 281 266 252 233]
 [328 310 294 278  -1  -1]
 [356 341 325 306  -1  -1]
 [370 353 337 320  -1  -1]
 [399 383 367 349  -1  -1]
 [409 393 379  -1  -1  -1]
 [434 423 406  -1  -1  -1]
 [448  -1  -1  -1  -1  -1]
 [467 457  -1  -1  -1  -1]
 [477  -1  -1  -1  -1  -1]]
   -> Island 382 Shape: (3, 4)
[[ -1 382 392  -1]
 [397 405 417  -1]
 [ -1 419 428 440]]
   -> Island 316 Shape: (4, 2)
[[ -1  -1]
 [289  -1]
 [316 303]
 [333  -1]]
   -> Island 240 Shape: (4, 2)
[[ -1  -1]
 [255  -1]
 [240 224]
 [210  -1]]
   -> Island 140 Shape: (8, 6)
[[ -1  -1  -1  -1  -1  -1]
 [ -1 154  -1  -1 241  -1]
 [ -1 140 167 195 227 259]
 [125 155 180 209 245  -1]
 [ -1 141 168 196  -1  -1]
 [ -1  -1 182 211  -1  -1]
 [ -1  -1 169 198 231  -1]
 [ -1  -1 181 216  -1  -1]]
   -> Island 567 Shape: (2, 2)
[[567 562]
 [564  -1]]
[Diag] Wave step complete: Added 32 structural ears.
Wave 10
   -> Island 545 Shape: (4, 2)
[[ -1  -1]
 [548  -1]
 [545 553]
 [550  -1]]
   -> Island 111 Shape: (34, 19)
[[ -1  -1  -1  -1  -1  -1  -1  -1  -1  -1  -1  -1  -1  -1  -1  -1  -1  -1  -1]
 [ -1  -1  -1  -1  -1 541 539 537  -1  -1  -1  -1 514  -1  -1  -1  -1  -1  -1]
 [ -1  -1  -1  -1  -1  -1 536 533  -1  -1  -1 513 508 500 491 483  -1  -1  -1]
 [ -1  -1  -1  -1 534 530 526 521  -1  -1 505 497 489 479 471  -1  -1  -1  -1]
 [ -1  -1  -1  -1 529 525 520 515  -1 503 493 486 476 468 462 452  -1  -1  -1]
 [ -1  -1  -1 522 519 512 509 501 492 484 474  -1 459 450  -1  -1  -1  -1  -1]
 [ -1  -1  -1  -1 511  -1 498  -1 481 472 465 456 447 435  -1  -1  -1  -1  -1]
 [ -1  -1 510  -1 494 487 478 470 463 454 444 432 422  -1  -1  -1  -1  -1  -1]
 [ -1 507 499 490 482 475 466 460 451 441 429 420 407 394  -1 372 359  -1  -1]
 [495 488 480 473  -1 458 449 437 427 416 404 390 380 369 354 342 330  -1  -1]
 [ -1  -1 469 464 455 445 433 424 413  -1 387  -1 366 351 340 327 311 300  -1]
 [ -1 461 453 443 430 421 408 400 385 376 364 350 338 324 308 298 286  -1  -1]
 [ -1  -1 438  -1 418  -1 396 384 373 361  -1 335 321 307 295 282  -1  -1  -1]
 [ -1 426 415 403 391 381 371 358 345  -1 319 305 292 279 269 257  -1  -1  -1]
 [ -1 412 401 388 378 368 355 343 331 315  -1 290 277 267 256 239  -1  -1  -1]
 [ -1  -1  -1 365 352 339 329 314 302  -1 276  -1 253 238 223 208  -1  -1  -1]
 [ -1  -1  -1  -1  -1 326  -1 301  -1 275 264 251 237 222 207 193  -1  -1  -1]
 [ -1  -1  -1  -1 309 299 287 273  -1 250 234 220 205 192 179 165 153  -1  -1]
 [ -1  -1  -1  -1  -1 284 272 263 248  -1 221 204 190 178 163 152 135  -1  -1]
 [ -1  -1  -1  -1 271 261 249 232 219 203 191 177 164 148 136 120 108  92  -1]
 [ -1  -1  -1  -1  -1 247 230 217 202 189 175 158 149 131 116 109  -1  83  69]
 [ -1  -1  -1 246 229 215 201 188 176 159 142 127 117 107  94  80  67  57  -1]
 [ -1  -1  -1 228 212 200 185 171 156 143 128 121 104  93  81  68  59  48  -1]
 [ -1  -1  -1  -1 187 172  -1 144 129 118 105  95  82  70  58  47  39  -1  -1]
 [ -1  -1  -1 183 170 160 145 132 119 110  97  84  71  60  49  40  30  -1  -1]
 [ -1  -1  -1 157 146 133 122 111  98  85  72  61  50  -1  31  22  -1  -1  -1]
 [ -1  -1  -1 147 134 123 112  99  86  73  62  51  41  32  23  14  -1  -1  -1]
 [ -1  -1  -1  -1 113 100  87  74  63  52  42  33  24  16   9  -1  -1  -1  -1]
 [ -1  -1  -1 114 101  88  75  64  53  43  34  25  17  10   5  -1  -1  -1  -1]
 [ -1  -1 102  89  76  65  54  44  35  26  18  11   6   0  -1  -1  -1  -1  -1]
 [ -1  -1  -1  -1  -1  55  45  36  27  19  12  -1   1  -1  -1  -1  -1  -1  -1]
 [ -1  -1  -1  56  46  37  28  20  -1   7   2  -1  -1  -1  -1  -1  -1  -1  -1]
 [ -1  -1  -1  -1  38  29  21  13   8  -1  -1  -1  -1  -1  -1  -1  -1  -1  -1]
 [ -1  -1  -1  -1  -1  15  -1   4  -1  -1  -1  -1  -1  -1  -1  -1  -1  -1  -1]]
   -> Island 341 Shape: (12, 6)
[[ -1  -1  -1  -1  -1  -1]
 [285 270 254 236 218  -1]
 [313 297 281 266 252 233]
 [328 310 294 278  -1  -1]
 [356 341 325 306  -1  -1]
 [370 353 337 320  -1  -1]
 [399 383 367 349  -1  -1]
 [409 393 379  -1  -1  -1]
 [434 423 406  -1  -1  -1]
 [448  -1  -1  -1  -1  -1]
 [467 457  -1  -1  -1  -1]
 [477  -1  -1  -1  -1  -1]]
   -> Island 382 Shape: (3, 4)
[[ -1 382 392  -1]
 [397 405 417  -1]
 [ -1 419 428 440]]
   -> Island 316 Shape: (4, 2)
[[ -1  -1]
 [289  -1]
 [316 303]
 [333  -1]]
   -> Island 240 Shape: (4, 2)
[[ -1  -1]
 [255  -1]
 [240 224]
 [210  -1]]
   -> Island 140 Shape: (8, 6)
[[ -1  -1  -1  -1  -1  -1]
 [ -1 154  -1  -1 241  -1]
 [ -1 140 167 195 227 259]
 [125 155 180 209 245  -1]
 [ -1 141 168 196  -1  -1]
 [ -1  -1 182 211  -1  -1]
 [ -1  -1 169 198 231  -1]
 [ -1  -1 181 216  -1  -1]]
   -> Island 567 Shape: (2, 2)
[[567 562]
 [564  -1]]
[Diag] Wave step complete: Added 14 structural ears.
Wave 11
   -> Island 545 Shape: (4, 2)
[[ -1  -1]
 [548  -1]
 [545 553]
 [550  -1]]
   -> Island 111 Shape: (34, 19)
[[ -1  -1  -1  -1  -1  -1  -1  -1  -1  -1  -1  -1  -1  -1  -1  -1  -1  -1  -1]
 [ -1  -1  -1  -1  -1 541 539 537  -1  -1  -1  -1 514  -1  -1  -1  -1  -1  -1]
 [ -1  -1  -1  -1  -1  -1 536 533  -1  -1  -1 513 508 500 491 483  -1  -1  -1]
 [ -1  -1  -1  -1 534 530 526 521  -1  -1 505 497 489 479 471  -1  -1  -1  -1]
 [ -1  -1  -1  -1 529 525 520 515  -1 503 493 486 476 468 462 452  -1  -1  -1]
 [ -1  -1  -1 522 519 512 509 501 492 484 474  -1 459 450  -1  -1  -1  -1  -1]
 [ -1  -1  -1  -1 511  -1 498  -1 481 472 465 456 447 435  -1  -1  -1  -1  -1]
 [ -1  -1 510  -1 494 487 478 470 463 454 444 432 422  -1  -1  -1  -1  -1  -1]
 [ -1 507 499 490 482 475 466 460 451 441 429 420 407 394  -1 372 359  -1  -1]
 [495 488 480 473  -1 458 449 437 427 416 404 390 380 369 354 342 330  -1  -1]
 [ -1  -1 469 464 455 445 433 424 413  -1 387  -1 366 351 340 327 311 300  -1]
 [ -1 461 453 443 430 421 408 400 385 376 364 350 338 324 308 298 286  -1  -1]
 [ -1  -1 438  -1 418  -1 396 384 373 361  -1 335 321 307 295 282  -1  -1  -1]
 [ -1 426 415 403 391 381 371 358 345  -1 319 305 292 279 269 257  -1  -1  -1]
 [ -1 412 401 388 378 368 355 343 331 315  -1 290 277 267 256 239  -1  -1  -1]
 [ -1 386  -1 365 352 339 329 314 302  -1 276  -1 253 238 223 208  -1  -1  -1]
 [ -1  -1  -1  -1  -1 326  -1 301  -1 275 264 251 237 222 207 193  -1  -1  -1]
 [ -1  -1  -1  -1 309 299 287 273  -1 250 234 220 205 192 179 165 153  -1  -1]
 [ -1  -1  -1  -1  -1 284 272 263 248  -1 221 204 190 178 163 152 135  -1  -1]
 [ -1  -1  -1  -1 271 261 249 232 219 203 191 177 164 148 136 120 108  92  -1]
 [ -1  -1  -1  -1  -1 247 230 217 202 189 175 158 149 131 116 109  -1  83  69]
 [ -1  -1  -1 246 229 215 201 188 176 159 142 127 117 107  94  80  67  57  -1]
 [ -1  -1  -1 228 212 200 185 171 156 143 128 121 104  93  81  68  59  48  -1]
 [ -1  -1  -1  -1 187 172  -1 144 129 118 105  95  82  70  58  47  39  -1  -1]
 [ -1  -1  -1 183 170 160 145 132 119 110  97  84  71  60  49  40  30  -1  -1]
 [ -1  -1  -1 157 146 133 122 111  98  85  72  61  50  -1  31  22  -1  -1  -1]
 [ -1  -1  -1 147 134 123 112  99  86  73  62  51  41  32  23  14  -1  -1  -1]
 [ -1  -1  -1  -1 113 100  87  74  63  52  42  33  24  16   9  -1  -1  -1  -1]
 [ -1  -1 124 114 101  88  75  64  53  43  34  25  17  10   5  -1  -1  -1  -1]
 [ -1  -1 102  89  76  65  54  44  35  26  18  11   6   0  -1  -1  -1  -1  -1]
 [ -1  -1  -1  77  -1  55  45  36  27  19  12  -1   1  -1  -1  -1  -1  -1  -1]
 [ -1  -1  -1  56  46  37  28  20  -1   7   2  -1  -1  -1  -1  -1  -1  -1  -1]
 [ -1  -1  -1  -1  38  29  21  13   8  -1  -1  -1  -1  -1  -1  -1  -1  -1  -1]
 [ -1  -1  -1  -1  -1  15  -1   4  -1  -1  -1  -1  -1  -1  -1  -1  -1  -1  -1]]
   -> Island 341 Shape: (12, 6)
[[ -1  -1  -1  -1  -1  -1]
 [285 270 254 236 218  -1]
 [313 297 281 266 252 233]
 [328 310 294 278  -1  -1]
 [356 341 325 306  -1  -1]
 [370 353 337 320  -1  -1]
 [399 383 367 349  -1  -1]
 [409 393 379  -1  -1  -1]
 [434 423 406  -1  -1  -1]
 [448  -1  -1  -1  -1  -1]
 [467 457  -1  -1  -1  -1]
 [477  -1  -1  -1  -1  -1]]
   -> Island 382 Shape: (3, 4)
[[ -1 382 392  -1]
 [397 405 417  -1]
 [ -1 419 428 440]]
   -> Island 316 Shape: (4, 2)
[[ -1  -1]
 [289  -1]
 [316 303]
 [333  -1]]
   -> Island 240 Shape: (4, 2)
[[ -1  -1]
 [255  -1]
 [240 224]
 [210  -1]]
   -> Island 140 Shape: (8, 6)
[[ -1  -1  -1  -1  -1  -1]
 [ -1 154  -1  -1 241  -1]
 [ -1 140 167 195 227 259]
 [125 155 180 209 245  -1]
 [ -1 141 168 196  -1  -1]
 [ -1  -1 182 211  -1  -1]
 [ -1  -1 169 198 231  -1]
 [ -1  -1 181 216  -1  -1]]
   -> Island 567 Shape: (2, 2)
[[567 562]
 [564  -1]]
[Diag] Wave step complete: Added 6 structural ears.
Wave 12
   -> Island 545 Shape: (4, 2)
[[ -1  -1]
 [548  -1]
 [545 553]
 [550  -1]]
   -> Island 111 Shape: (34, 19)
[[ -1  -1  -1  -1  -1  -1  -1  -1  -1  -1  -1  -1  -1  -1  -1  -1  -1  -1  -1]
 [ -1  -1  -1  -1  -1 541 539 537  -1  -1  -1  -1 514  -1  -1  -1  -1  -1  -1]
 [ -1  -1  -1  -1  -1  -1 536 533  -1  -1  -1 513 508 500 491 483  -1  -1  -1]
 [ -1  -1  -1  -1 534 530 526 521  -1  -1 505 497 489 479 471  -1  -1  -1  -1]
 [ -1  -1  -1  -1 529 525 520 515  -1 503 493 486 476 468 462 452  -1  -1  -1]
 [ -1  -1  -1 522 519 512 509 501 492 484 474  -1 459 450  -1  -1  -1  -1  -1]
 [ -1  -1  -1  -1 511  -1 498  -1 481 472 465 456 447 435  -1  -1  -1  -1  -1]
 [ -1  -1 510  -1 494 487 478 470 463 454 444 432 422  -1  -1  -1  -1  -1  -1]
 [ -1 507 499 490 482 475 466 460 451 441 429 420 407 394  -1 372 359  -1  -1]
 [495 488 480 473  -1 458 449 437 427 416 404 390 380 369 354 342 330  -1  -1]
 [ -1  -1 469 464 455 445 433 424 413  -1 387  -1 366 351 340 327 311 300  -1]
 [ -1 461 453 443 430 421 408 400 385 376 364 350 338 324 308 298 286  -1  -1]
 [ -1  -1 438  -1 418  -1 396 384 373 361  -1 335 321 307 295 282  -1  -1  -1]
 [ -1 426 415 403 391 381 371 358 345  -1 319 305 292 279 269 257  -1  -1  -1]
 [ -1 412 401 388 378 368 355 343 331 315  -1 290 277 267 256 239  -1  -1  -1]
 [ -1 386  -1 365 352 339 329 314 302  -1 276  -1 253 238 223 208  -1  -1  -1]
 [ -1  -1  -1  -1  -1 326  -1 301  -1 275 264 251 237 222 207 193  -1  -1  -1]
 [ -1  -1  -1  -1 309 299 287 273  -1 250 234 220 205 192 179 165 153  -1  -1]
 [ -1  -1  -1  -1  -1 284 272 263 248  -1 221 204 190 178 163 152 135  -1  -1]
 [ -1  -1  -1  -1 271 261 249 232 219 203 191 177 164 148 136 120 108  92  -1]
 [ -1  -1  -1  -1  -1 247 230 217 202 189 175 158 149 131 116 109  -1  83  69]
 [ -1  -1  -1 246 229 215 201 188 176 159 142 127 117 107  94  80  67  57  -1]
 [ -1  -1  -1 228 212 200 185 171 156 143 128 121 104  93  81  68  59  48  -1]
 [ -1  -1  -1  -1 187 172  -1 144 129 118 105  95  82  70  58  47  39  -1  -1]
 [ -1  -1  -1 183 170 160 145 132 119 110  97  84  71  60  49  40  30  -1  -1]
 [ -1  -1  -1 157 146 133 122 111  98  85  72  61  50  -1  31  22  -1  -1  -1]
 [ -1  -1  -1 147 134 123 112  99  86  73  62  51  41  32  23  14  -1  -1  -1]
 [ -1  -1 137  -1 113 100  87  74  63  52  42  33  24  16   9  -1  -1  -1  -1]
 [ -1  -1 124 114 101  88  75  64  53  43  34  25  17  10   5  -1  -1  -1  -1]
 [ -1  -1 102  89  76  65  54  44  35  26  18  11   6   0  -1  -1  -1  -1  -1]
 [ -1  -1  90  77  -1  55  45  36  27  19  12  -1   1  -1  -1  -1  -1  -1  -1]
 [ -1  -1  -1  56  46  37  28  20  -1   7   2  -1  -1  -1  -1  -1  -1  -1  -1]
 [ -1  -1  -1  -1  38  29  21  13   8  -1  -1  -1  -1  -1  -1  -1  -1  -1  -1]
 [ -1  -1  -1  -1  -1  15  -1   4  -1  -1  -1  -1  -1  -1  -1  -1  -1  -1  -1]]
   -> Island 341 Shape: (12, 6)
[[ -1  -1  -1  -1  -1  -1]
 [285 270 254 236 218  -1]
 [313 297 281 266 252 233]
 [328 310 294 278  -1  -1]
 [356 341 325 306  -1  -1]
 [370 353 337 320  -1  -1]
 [399 383 367 349  -1  -1]
 [409 393 379  -1  -1  -1]
 [434 423 406  -1  -1  -1]
 [448  -1  -1  -1  -1  -1]
 [467 457  -1  -1  -1  -1]
 [477  -1  -1  -1  -1  -1]]
   -> Island 382 Shape: (3, 4)
[[ -1 382 392  -1]
 [397 405 417  -1]
 [ -1 419 428 440]]
   -> Island 316 Shape: (4, 2)
[[ -1  -1]
 [289  -1]
 [316 303]
 [333  -1]]
   -> Island 240 Shape: (4, 2)
[[ -1  -1]
 [255  -1]
 [240 224]
 [210  -1]]
   -> Island 140 Shape: (8, 6)
[[ -1  -1  -1  -1  -1  -1]
 [ -1 154  -1  -1 241  -1]
 [ -1 140 167 195 227 259]
 [125 155 180 209 245  -1]
 [ -1 141 168 196  -1  -1]
 [ -1  -1 182 211  -1  -1]
 [ -1  -1 169 198 231  -1]
 [ -1  -1 181 216  -1  -1]]
   -> Island 567 Shape: (2, 2)
[[567 562]
 [564  -1]]
[Diag] Wave step complete: Added 3 structural ears.
Wave 13
   -> Island 545 Shape: (4, 2)
[[ -1  -1]
 [548  -1]
 [545 553]
 [550  -1]]
   -> Island 111 Shape: (34, 19)
[[ -1  -1  -1  -1  -1  -1  -1  -1  -1  -1  -1  -1  -1  -1  -1  -1  -1  -1  -1]
 [ -1  -1  -1  -1  -1 541 539 537  -1  -1  -1  -1 514  -1  -1  -1  -1  -1  -1]
 [ -1  -1  -1  -1  -1  -1 536 533  -1  -1  -1 513 508 500 491 483  -1  -1  -1]
 [ -1  -1  -1  -1 534 530 526 521  -1  -1 505 497 489 479 471  -1  -1  -1  -1]
 [ -1  -1  -1  -1 529 525 520 515  -1 503 493 486 476 468 462 452  -1  -1  -1]
 [ -1  -1  -1 522 519 512 509 501 492 484 474  -1 459 450  -1  -1  -1  -1  -1]
 [ -1  -1  -1  -1 511  -1 498  -1 481 472 465 456 447 435  -1  -1  -1  -1  -1]
 [ -1  -1 510  -1 494 487 478 470 463 454 444 432 422  -1  -1  -1  -1  -1  -1]
 [ -1 507 499 490 482 475 466 460 451 441 429 420 407 394  -1 372 359  -1  -1]
 [495 488 480 473  -1 458 449 437 427 416 404 390 380 369 354 342 330  -1  -1]
 [ -1  -1 469 464 455 445 433 424 413  -1 387  -1 366 351 340 327 311 300  -1]
 [ -1 461 453 443 430 421 408 400 385 376 364 350 338 324 308 298 286  -1  -1]
 [ -1  -1 438  -1 418  -1 396 384 373 361  -1 335 321 307 295 282  -1  -1  -1]
 [ -1 426 415 403 391 381 371 358 345  -1 319 305 292 279 269 257  -1  -1  -1]
 [ -1 412 401 388 378 368 355 343 331 315  -1 290 277 267 256 239  -1  -1  -1]
 [ -1 386  -1 365 352 339 329 314 302  -1 276  -1 253 238 223 208  -1  -1  -1]
 [ -1  -1  -1  -1  -1 326  -1 301  -1 275 264 251 237 222 207 193  -1  -1  -1]
 [ -1  -1  -1  -1 309 299 287 273  -1 250 234 220 205 192 179 165 153  -1  -1]
 [ -1  -1  -1  -1  -1 284 272 263 248  -1 221 204 190 178 163 152 135  -1  -1]
 [ -1  -1  -1  -1 271 261 249 232 219 203 191 177 164 148 136 120 108  92  -1]
 [ -1  -1  -1  -1  -1 247 230 217 202 189 175 158 149 131 116 109  -1  83  69]
 [ -1  -1  -1 246 229 215 201 188 176 159 142 127 117 107  94  80  67  57  -1]
 [ -1  -1  -1 228 212 200 185 171 156 143 128 121 104  93  81  68  59  48  -1]
 [ -1  -1  -1  -1 187 172  -1 144 129 118 105  95  82  70  58  47  39  -1  -1]
 [ -1  -1  -1 183 170 160 145 132 119 110  97  84  71  60  49  40  30  -1  -1]
 [ -1  -1  -1 157 146 133 122 111  98  85  72  61  50  -1  31  22  -1  -1  -1]
 [ -1  -1  -1 147 134 123 112  99  86  73  62  51  41  32  23  14  -1  -1  -1]
 [ -1  -1 137  -1 113 100  87  74  63  52  42  33  24  16   9  -1  -1  -1  -1]
 [ -1  -1 124 114 101  88  75  64  53  43  34  25  17  10   5  -1  -1  -1  -1]
 [ -1  -1 102  89  76  65  54  44  35  26  18  11   6   0  -1  -1  -1  -1  -1]
 [ -1  -1  90  77  -1  55  45  36  27  19  12  -1   1  -1  -1  -1  -1  -1  -1]
 [ -1  -1  66  56  46  37  28  20  -1   7   2  -1  -1  -1  -1  -1  -1  -1  -1]
 [ -1  -1  -1  -1  38  29  21  13   8  -1  -1  -1  -1  -1  -1  -1  -1  -1  -1]
 [ -1  -1  -1  -1  -1  15  -1   4  -1  -1  -1  -1  -1  -1  -1  -1  -1  -1  -1]]
   -> Island 341 Shape: (12, 6)
[[ -1  -1  -1  -1  -1  -1]
 [285 270 254 236 218  -1]
 [313 297 281 266 252 233]
 [328 310 294 278  -1  -1]
 [356 341 325 306  -1  -1]
 [370 353 337 320  -1  -1]
 [399 383 367 349  -1  -1]
 [409 393 379  -1  -1  -1]
 [434 423 406  -1  -1  -1]
 [448  -1  -1  -1  -1  -1]
 [467 457  -1  -1  -1  -1]
 [477  -1  -1  -1  -1  -1]]
   -> Island 382 Shape: (3, 4)
[[ -1 382 392  -1]
 [397 405 417  -1]
 [ -1 419 428 440]]
   -> Island 316 Shape: (4, 2)
[[ -1  -1]
 [289  -1]
 [316 303]
 [333  -1]]
   -> Island 240 Shape: (4, 2)
[[ -1  -1]
 [255  -1]
 [240 224]
 [210  -1]]
   -> Island 140 Shape: (8, 6)
[[ -1  -1  -1  -1  -1  -1]
 [ -1 154  -1  -1 241  -1]
 [ -1 140 167 195 227 259]
 [125 155 180 209 245  -1]
 [ -1 141 168 196  -1  -1]
 [ -1  -1 182 211  -1  -1]
 [ -1  -1 169 198 231  -1]
 [ -1  -1 181 216  -1  -1]]
   -> Island 567 Shape: (2, 2)
[[567 562]
 [564  -1]]
[Diag] Wave step complete: Added 3 structural ears.
Wave 14
   -> Island 545 Shape: (4, 2)
[[ -1  -1]
 [548  -1]
 [545 553]
 [550  -1]]
   -> Island 111 Shape: (34, 19)
[[ -1  -1  -1  -1  -1  -1  -1  -1  -1  -1  -1  -1  -1  -1  -1  -1  -1  -1  -1]
 [ -1  -1  -1  -1  -1 541 539 537  -1  -1  -1  -1 514  -1  -1  -1  -1  -1  -1]
 [ -1  -1  -1  -1  -1  -1 536 533  -1  -1  -1 513 508 500 491 483  -1  -1  -1]
 [ -1  -1  -1  -1 534 530 526 521  -1  -1 505 497 489 479 471  -1  -1  -1  -1]
 [ -1  -1  -1  -1 529 525 520 515  -1 503 493 486 476 468 462 452  -1  -1  -1]
 [ -1  -1  -1 522 519 512 509 501 492 484 474  -1 459 450  -1  -1  -1  -1  -1]
 [ -1  -1  -1  -1 511  -1 498  -1 481 472 465 456 447 435  -1  -1  -1  -1  -1]
 [ -1  -1 510  -1 494 487 478 470 463 454 444 432 422  -1  -1  -1  -1  -1  -1]
 [ -1 507 499 490 482 475 466 460 451 441 429 420 407 394  -1 372 359  -1  -1]
 [495 488 480 473  -1 458 449 437 427 416 404 390 380 369 354 342 330  -1  -1]
 [ -1  -1 469 464 455 445 433 424 413  -1 387  -1 366 351 340 327 311 300  -1]
 [ -1 461 453 443 430 421 408 400 385 376 364 350 338 324 308 298 286  -1  -1]
 [ -1  -1 438  -1 418  -1 396 384 373 361  -1 335 321 307 295 282  -1  -1  -1]
 [ -1 426 415 403 391 381 371 358 345  -1 319 305 292 279 269 257  -1  -1  -1]
 [ -1 412 401 388 378 368 355 343 331 315  -1 290 277 267 256 239  -1  -1  -1]
 [ -1 386  -1 365 352 339 329 314 302  -1 276  -1 253 238 223 208  -1  -1  -1]
 [ -1  -1  -1  -1  -1 326  -1 301  -1 275 264 251 237 222 207 193  -1  -1  -1]
 [ -1  -1  -1  -1 309 299 287 273  -1 250 234 220 205 192 179 165 153  -1  -1]
 [ -1  -1  -1  -1  -1 284 272 263 248  -1 221 204 190 178 163 152 135  -1  -1]
 [ -1  -1  -1  -1 271 261 249 232 219 203 191 177 164 148 136 120 108  92  -1]
 [ -1  -1  -1  -1  -1 247 230 217 202 189 175 158 149 131 116 109  -1  83  69]
 [ -1  -1  -1 246 229 215 201 188 176 159 142 127 117 107  94  80  67  57  -1]
 [ -1  -1  -1 228 212 200 185 171 156 143 128 121 104  93  81  68  59  48  -1]
 [ -1  -1  -1  -1 187 172  -1 144 129 118 105  95  82  70  58  47  39  -1  -1]
 [ -1  -1  -1 183 170 160 145 132 119 110  97  84  71  60  49  40  30  -1  -1]
 [ -1  -1  -1 157 146 133 122 111  98  85  72  61  50  -1  31  22  -1  -1  -1]
 [ -1  -1  -1 147 134 123 112  99  86  73  62  51  41  32  23  14  -1  -1  -1]
 [ -1  -1 137  -1 113 100  87  74  63  52  42  33  24  16   9  -1  -1  -1  -1]
 [ -1  -1 124 114 101  88  75  64  53  43  34  25  17  10   5  -1  -1  -1  -1]
 [ -1  -1 102  89  76  65  54  44  35  26  18  11   6   0  -1  -1  -1  -1  -1]
 [ -1  -1  90  77  -1  55  45  36  27  19  12  -1   1  -1  -1  -1  -1  -1  -1]
 [ -1  -1  66  56  46  37  28  20  -1   7   2  -1  -1  -1  -1  -1  -1  -1  -1]
 [ -1  -1  -1  -1  38  29  21  13   8  -1  -1  -1  -1  -1  -1  -1  -1  -1  -1]
 [ -1  -1  -1  -1  -1  15  -1   4  -1  -1  -1  -1  -1  -1  -1  -1  -1  -1  -1]]
   -> Island 341 Shape: (12, 6)
[[ -1  -1  -1  -1  -1  -1]
 [285 270 254 236 218  -1]
 [313 297 281 266 252 233]
 [328 310 294 278  -1  -1]
 [356 341 325 306  -1  -1]
 [370 353 337 320  -1  -1]
 [399 383 367 349  -1  -1]
 [409 393 379  -1  -1  -1]
 [434 423 406  -1  -1  -1]
 [448  -1  -1  -1  -1  -1]
 [467 457  -1  -1  -1  -1]
 [477  -1  -1  -1  -1  -1]]
   -> Island 382 Shape: (3, 4)
[[ -1 382 392  -1]
 [397 405 417  -1]
 [ -1 419 428 440]]
   -> Island 316 Shape: (4, 2)
[[ -1  -1]
 [289  -1]
 [316 303]
 [333  -1]]
   -> Island 240 Shape: (4, 2)
[[ -1  -1]
 [255  -1]
 [240 224]
 [210  -1]]
   -> Island 140 Shape: (8, 6)
[[ -1  -1  -1  -1  -1  -1]
 [ -1 154  -1  -1 241  -1]
 [ -1 140 167 195 227 259]
 [125 155 180 209 245  -1]
 [ -1 141 168 196  -1  -1]
 [ -1  -1 182 211  -1  -1]
 [ -1  -1 169 198 231  -1]
 [ -1  -1 181 216  -1  -1]]
   -> Island 567 Shape: (2, 2)
[[567 562]
 [564  -1]]
[Diag] Wave step complete: Added 1 structural ears.
   -> Island 545 Shape: (4, 2)
[[ -1  -1]
 [548  -1]
 [545 553]
 [550  -1]]
   -> Island 111 Shape: (34, 19)
[[ -1  -1  -1  -1  -1  -1  -1  -1  -1  -1  -1  -1  -1  -1  -1  -1  -1  -1  -1]
 [ -1  -1  -1  -1  -1 541 539 537  -1  -1  -1  -1 514  -1  -1  -1  -1  -1  -1]
 [ -1  -1  -1  -1  -1  -1 536 533  -1  -1  -1 513 508 500 491 483  -1  -1  -1]
 [ -1  -1  -1  -1 534 530 526 521  -1  -1 505 497 489 479 471  -1  -1  -1  -1]
 [ -1  -1  -1  -1 529 525 520 515  -1 503 493 486 476 468 462 452  -1  -1  -1]
 [ -1  -1  -1 522 519 512 509 501 492 484 474  -1 459 450  -1  -1  -1  -1  -1]
 [ -1  -1  -1  -1 511  -1 498  -1 481 472 465 456 447 435  -1  -1  -1  -1  -1]
 [ -1  -1 510  -1 494 487 478 470 463 454 444 432 422  -1  -1  -1  -1  -1  -1]
 [ -1 507 499 490 482 475 466 460 451 441 429 420 407 394  -1 372 359  -1  -1]
 [495 488 480 473  -1 458 449 437 427 416 404 390 380 369 354 342 330  -1  -1]
 [ -1  -1 469 464 455 445 433 424 413  -1 387  -1 366 351 340 327 311 300  -1]
 [ -1 461 453 443 430 421 408 400 385 376 364 350 338 324 308 298 286  -1  -1]
 [ -1  -1 438  -1 418  -1 396 384 373 361  -1 335 321 307 295 282  -1  -1  -1]
 [ -1 426 415 403 391 381 371 358 345  -1 319 305 292 279 269 257  -1  -1  -1]
 [ -1 412 401 388 378 368 355 343 331 315  -1 290 277 267 256 239  -1  -1  -1]
 [ -1 386  -1 365 352 339 329 314 302  -1 276  -1 253 238 223 208  -1  -1  -1]
 [ -1  -1  -1  -1  -1 326  -1 301  -1 275 264 251 237 222 207 193  -1  -1  -1]
 [ -1  -1  -1  -1 309 299 287 273  -1 250 234 220 205 192 179 165 153  -1  -1]
 [ -1  -1  -1  -1  -1 284 272 263 248  -1 221 204 190 178 163 152 135  -1  -1]
 [ -1  -1  -1  -1 271 261 249 232 219 203 191 177 164 148 136 120 108  92  -1]
 [ -1  -1  -1  -1  -1 247 230 217 202 189 175 158 149 131 116 109  -1  83  69]
 [ -1  -1  -1 246 229 215 201 188 176 159 142 127 117 107  94  80  67  57  -1]
 [ -1  -1  -1 228 212 200 185 171 156 143 128 121 104  93  81  68  59  48  -1]
 [ -1  -1  -1  -1 187 172  -1 144 129 118 105  95  82  70  58  47  39  -1  -1]
 [ -1  -1  -1 183 170 160 145 132 119 110  97  84  71  60  49  40  30  -1  -1]
 [ -1  -1  -1 157 146 133 122 111  98  85  72  61  50  -1  31  22  -1  -1  -1]
 [ -1  -1  -1 147 134 123 112  99  86  73  62  51  41  32  23  14  -1  -1  -1]
 [ -1  -1 137  -1 113 100  87  74  63  52  42  33  24  16   9  -1  -1  -1  -1]
 [ -1  -1 124 114 101  88  75  64  53  43  34  25  17  10   5  -1  -1  -1  -1]
 [ -1  -1 102  89  76  65  54  44  35  26  18  11   6   0  -1  -1  -1  -1  -1]
 [ -1  -1  90  77  -1  55  45  36  27  19  12  -1   1  -1  -1  -1  -1  -1  -1]
 [ -1  -1  66  56  46  37  28  20  -1   7   2  -1  -1  -1  -1  -1  -1  -1  -1]
 [ -1  -1  -1  -1  38  29  21  13   8  -1  -1  -1  -1  -1  -1  -1  -1  -1  -1]
 [ -1  -1  -1  -1  -1  15  -1   4  -1  -1  -1  -1  -1  -1  -1  -1  -1  -1  -1]]
   -> Island 341 Shape: (12, 6)
[[ -1  -1  -1  -1  -1  -1]
 [285 270 254 236 218  -1]
 [313 297 281 266 252 233]
 [328 310 294 278  -1  -1]
 [356 341 325 306  -1  -1]
 [370 353 337 320  -1  -1]
 [399 383 367 349  -1  -1]
 [409 393 379  -1  -1  -1]
 [434 423 406  -1  -1  -1]
 [448  -1  -1  -1  -1  -1]
 [467 457  -1  -1  -1  -1]
 [477  -1  -1  -1  -1  -1]]
   -> Island 382 Shape: (3, 4)
[[ -1 382 392  -1]
 [397 405 417  -1]
 [ -1 419 428 440]]
   -> Island 316 Shape: (4, 2)
[[ -1  -1]
 [289  -1]
 [316 303]
 [333  -1]]
   -> Island 240 Shape: (4, 2)
[[ -1  -1]
 [255  -1]
 [240 224]
 [210  -1]]
   -> Island 140 Shape: (8, 6)
[[ -1  -1  -1  -1  -1  -1]
 [ -1 154  -1  -1 241  -1]
 [ -1 140 167 195 227 259]
 [125 155 180 209 245  -1]
 [ -1 141 168 196  -1  -1]
 [ -1  -1 182 211  -1  -1]
 [ -1  -1 169 198 231  -1]
 [ -1  -1 181 216  -1  -1]]
   -> Island 567 Shape: (2, 2)
[[567 562]
 [564  -1]]
[+] Success! Generated 8 individual grid matrix islands.
row: 8, col 0, length: 17
valid_mask: [1 1 1 0 0 1 1 1 1 1 1 1 0 0 1]
patch:
 [[-1  1  1  1  1  1  0  0  0  0  0  1  0  0 -1  1  0]
 [ 1  1  1  1 -1  0  0  0  1  1  1  1  1  1  0  0  0]]
row: 9, col 1, length: 16
valid_mask: [0 0 0 1 1 1 1 0 0 0 0 1 1 1]
patch:
 [[ 1  1  1 -1  0  0  0  1  1  1  1  1  1  0  0  0]
 [-1  1  0  1  0  0  0  1 -1  1 -1  0  1  0  0  0]]
row: 10, col 2, length: 15
valid_mask: [1 1 1 1 1 0 0 0 0 1 1 1 1]
patch:
 [[ 1  0  1  0  0  0  1 -1  1 -1  0  1  0  0  0]
 [ 0  0  0  0  0  1  1  0  1  1  1  1  1  0  0]]
row: 13, col 1, length: 15
valid_mask: [1 1 1 1 1 1 0 0 0 0 1 1 1]
patch:
 [[ 1  0  0  0  1  1  1  1 -1  0  0  1  1  0  1]
 [ 1  0  0  1  1  1  1  0  0 -1  0  0  0  1  1]]
row: 19, col 5, length: 13
valid_mask: [1 1 1 1 1 1 1 1 1 1 0]
patch:
 [[ 0  1  0  0  1  1  1  1  0  1  1  1  0]
 [ 1  0  0  1  1  1  1  1  0  0  1 -1  1]]
Hor:  {'origin_stream_phase': 4, 'recovered_sequence': [0, 0, 0, 0, 1, 1, 1, 0, 0, 1, 1], 'errors_corrected': [4, 5], 'missing_gaps': [10], 'status': 'Corrected bit flip at index [4, 5] via syndrome projection', 'direction_key': 'W_forward'}
Vert:  {'origin_stream_phase': 17, 'recovered_sequence': [0, 1, 1, 1, 0, 0, 0, 1, 0, 1, 0, 1], 'errors_corrected': [7, 8], 'missing_gaps': [10, 11], 'status': 'Corrected bit flip at index [7, 8] via syndrome projection', 'direction_key': 'V_reverse'}
[Warning] Consistency check failed. Skip
row: 20, col 4, length: 14
valid_mask: [1 1 1 1 1 1 1 1 1 1 0 0]
patch:
 [[-1  1  0  0  1  1  1  1  1  0  0  1 -1  1]
 [ 1  0  0  0  1  0  0  0  1  1  1  0  0  0]]
Hor:  {'origin_stream_phase': 30, 'recovered_sequence': [0, 1, 0, 1, 1, 0, 0, 0, 0, 1, 1, 1], 'errors_corrected': [1, 2], 'missing_gaps': [10, 11], 'status': 'Corrected bit flip at index [1, 2] via syndrome projection', 'direction_key': 'W_forward'}
Vert:  {'origin_stream_phase': 5, 'recovered_sequence': [1, 1, 0, 0, 1, 0, 0, 1, 1, 1, 1, 1, 0], 'errors_corrected': [9, 10], 'missing_gaps': [0, 11, 12], 'status': 'Corrected bit flip at index [9, 10] via syndrome projection', 'direction_key': 'V_reverse'}
[Warning] Consistency check failed. Skip
Hor:  {'origin_stream_phase': 17, 'recovered_sequence': [0, 0, 1, 1, 1, 0, 0, 0, 0, 1, 1, 0], 'errors_corrected': [], 'missing_gaps': [10, 11], 'status': 'Corrected bit flip at index [] via syndrome projection', 'direction_key': 'W_reverse'}
Vert:  {'origin_stream_phase': 16, 'recovered_sequence': [1, 1, 0, 0, 1, 0, 0, 1, 1, 0, 0, 0, 0], 'errors_corrected': [], 'missing_gaps': [0, 11, 12], 'status': 'Corrected bit flip at index [] via syndrome projection', 'direction_key': 'V_forward'}
{'status': 'success', 'row': 16, 'col': 9, 'b': (1, 16, -17), 'horizontal_axis': 'W', 'direction': 'reverse', 'errors_corrected': 0, 'erasures': 5}
[Info] Consistency check passed. Best result updated.
[[-1  1  0  0  1  1  1  1  1  0  0  1 -1  1]
 [ 1  0  0  0  1  0  0  0  1  1  1  0  0  0]]
row: 21, col 3, length: 15
valid_mask: [1 1 1 1 1 1 1 1 1 1 1 1 1]
patch:
 [[1 1 0 0 0 1 0 0 0 1 1 1 0 0 0]
 [0 1 0 0 0 0 1 1 1 0 0 0 0 1 1]]
row: 22, col 4, length: 13
valid_mask: [1 0 0 1 1 1 1 1 1 1 1]
patch:
 [[ 1  0  0  0  0  1  1  1  0  0  0  0  1]
 [ 0  1 -1  1  0  0  1  0  0  0  0  0  1]]
Hor:  {'origin_stream_phase': 13, 'recovered_sequence': [1, 0, 1, 0, 0, 1, 0, 0, 0, 0, 1], 'errors_corrected': [], 'missing_gaps': [1, 2], 'status': 'Corrected bit flip at index [] via syndrome projection', 'direction_key': 'U_forward'}
Vert:  {'origin_stream_phase': 6, 'recovered_sequence': [0, 1, 0, 1, 1, 1, 1, 1, 0, 1, 1, 0], 'errors_corrected': [9, 10], 'missing_gaps': [1, 2], 'status': 'Corrected bit flip at index [9, 10] via syndrome projection', 'direction_key': 'W_reverse'}
[Warning] Consistency check failed. Skip
row: 23, col 3, length: 14
valid_mask: [1 0 0 1 1 1 1 1 1 1 1 1]
patch:
 [[-1  0  1 -1  1  0  0  1  0  0  0  0  0  1]
 [ 1  0  1  1  1  1  1  1  1  1  1  1  1  1]]
row: 24, col 2, length: 14
valid_mask: [0 1 1 1 1 1 1 1 1 1 0 0]
patch:
 [[-1  1  0  1  1  1  1  1  1  1  1  1  1  1]
 [-1  1  1  1  1  1  0  1  0  1  1 -1  1  1]]
row: 25, col 3, length: 13
valid_mask: [1 1 1 1 1 1 1 1 0 0 1]
patch:
 [[ 1  1  1  1  1  0  1  0  1  1 -1  1  1]
 [ 1  0  0  0  0  1  0  0  0  1  1  1  1]]
Hor:  {'origin_stream_phase': 17, 'recovered_sequence': [1, 0, 0, 1, 0, 0, 1, 1, 0, 0, 0], 'errors_corrected': [7], 'missing_gaps': [8, 9], 'status': 'Corrected bit flip at index [7] via syndrome projection', 'direction_key': 'V_forward'}
Vert:  {'origin_stream_phase': 14, 'recovered_sequence': [1, 0, 1, 1, 0, 0, 1, 1, 1, 1, 1, 0], 'errors_corrected': [2, 3], 'missing_gaps': [9, 10], 'status': 'Corrected bit flip at index [2, 3] via syndrome projection', 'direction_key': 'U_reverse'}
[Warning] Consistency check failed. Skip
row: 27, col 1, length: 14
valid_mask: [0 0 1 1 1 1 1 1 1 1 1 1]
patch:
 [[-1  1 -1  0  0  1  1  0  0  1  1  0  0  0]
 [-1  1  1  1  0  1  0  0  0  1  0  0  1  1]]
Hor:  {'origin_stream_phase': 5, 'recovered_sequence': [1, 1, 1, 1, 1, 0, 0, 1, 1, 0, 1, 0], 'errors_corrected': [2, 3, 10, 11], 'missing_gaps': [0, 1], 'status': 'Corrected bit flip at index [2, 3, 10, 11] via syndrome projection', 'direction_key': 'U_forward'}
Vert:  {'origin_stream_phase': 10, 'recovered_sequence': [1, 1, 1, 1, 0, 1, 1, 0, 0, 1, 1, 1, 0], 'errors_corrected': [], 'missing_gaps': [0, 1, 2], 'status': 'Corrected bit flip at index [] via syndrome projection', 'direction_key': 'W_reverse'}
[Warning] Consistency check failed. Skip
Hor:  {'origin_stream_phase': 13, 'recovered_sequence': [0, 1, 0, 1, 1, 0, 0, 1, 1, 1, 1, 1], 'errors_corrected': [3, 9, 10], 'missing_gaps': [0, 1], 'status': 'Corrected bit flip at index [3, 9, 10] via syndrome projection', 'direction_key': 'U_reverse'}
Vert:  {'origin_stream_phase': 4, 'recovered_sequence': [0, 0, 0, 0, 1, 1, 1, 0, 0, 1, 1, 0, 1], 'errors_corrected': [3, 4, 11, 12], 'missing_gaps': [0, 1, 2], 'status': 'Corrected bit flip at index [3, 4, 11, 12] via syndrome projection', 'direction_key': 'W_forward'}
[Warning] Consistency check failed. Skip
Hor:  {'origin_stream_phase': 16, 'recovered_sequence': [1, 1, 0, 0, 1, 0, 0, 1, 1, 0, 0, 0], 'errors_corrected': [11], 'missing_gaps': [0, 1], 'status': 'Corrected bit flip at index [11] via syndrome projection', 'direction_key': 'V_forward'}
Vert:  {'origin_stream_phase': 11, 'recovered_sequence': [1, 0, 0, 1, 0, 1, 1, 0, 0, 1, 1, 1, 1], 'errors_corrected': [12], 'missing_gaps': [0, 1, 2], 'status': 'Corrected bit flip at index [12] via syndrome projection', 'direction_key': 'U_reverse'}
[Warning] Consistency check failed. Skip
Hor:  {'origin_stream_phase': 5, 'recovered_sequence': [1, 1, 0, 0, 1, 0, 0, 1, 1, 1, 1, 1], 'errors_corrected': [9, 10], 'missing_gaps': [0, 1], 'status': 'Corrected bit flip at index [9, 10] via syndrome projection', 'direction_key': 'V_reverse'}
Vert:  {'origin_stream_phase': 3, 'recovered_sequence': [0, 0, 1, 1, 1, 1, 1, 0, 0, 1, 1, 0, 1], 'errors_corrected': [4, 11, 12], 'missing_gaps': [0, 1, 2], 'status': 'Corrected bit flip at index [4, 11, 12] via syndrome projection', 'direction_key': 'U_forward'}
[Warning] Consistency check failed. Skip
row: 28, col 2, length: 12
valid_mask: [1 1 1 1 1 1 1 1 1 1]
patch:
 [[1 1 1 0 1 0 0 0 1 0 0 1]
 [1 1 1 1 1 0 1 0 1 0 0 1]]
Hor:  {'origin_stream_phase': 19, 'recovered_sequence': [0, 1, 1, 1, 1, 1, 0, 0, 0, 1], 'errors_corrected': [8], 'missing_gaps': [], 'status': 'Corrected bit flip at index [8] via syndrome projection', 'direction_key': 'U_reverse'}
Vert:  {'origin_stream_phase': 28, 'recovered_sequence': [0, 1, 0, 1, 0, 1, 1, 0, 0, 0, 0], 'errors_corrected': [1, 2], 'missing_gaps': [], 'status': 'Corrected bit flip at index [1, 2] via syndrome projection', 'direction_key': 'W_forward'}
[Warning] Consistency check failed. Skip
Target coords: 16 9
U [0, 0, 1, 1, 1, 1, 1, 0, 0, 1, 1, 0, 1, 0, 0, 1, 0, 0, 0, 0, 1, 0, 1, 0, 1, 1, 1, 0, 1, 1, 0]
V [0, 0, 1, 1, 1, 0, 1, 1, 1, 1, 1, 0, 0, 1, 0, 0, 1, 1, 0, 0, 0, 0, 1, 0, 1, 1, 0, 1, 0, 1, 0]
W [0, 0, 1, 0, 0, 1, 0, 1, 0, 1, 1, 0, 0, 0, 0, 1, 1, 1, 0, 0, 1, 1, 0, 1, 1, 1, 1, 1, 0, 1, 0]
Extraction Successful! Isolated 578 total pattern nodes from compound_rotation_7_0025.png.
 -> Identified Circles: 245 (42.39%) Triangles 333 (57.61%)
Final mapping
[[ -1  -1  -1  -1  -1  -1  -1  -1  -1  -1  -1  -1  -1  -1  -1  -1  -1  -1  -1  -1  -1  -1  -1  -1  -1  -1  -1  -1  -1  -1  -1]
 [ -1  -1  -1  -1  -1  -1  -1  -1  -1  -1  -1  -1  -1  -1  -1  -1  -1  -1  -1  -1  -1  -1  -1  -1  -1  -1  -1  -1  -1  -1  -1]
 [ -1  -1  -1  -1  -1  -1  -1  -1  -1  -1  -1  -1  -1  -1  -1  -1  -1  -1  -1  -1  -1  -1  -1  -1  -1  -1  -1  -1  -1  -1  -1]
 [ -1  -1  -1  -1  -1  -1  -1  -1  -1  -1  -1  -1  -1  -1  -1  -1  -1  -1  -1  -1  -1  -1  -1  -1  -1  -1  -1  -1  -1  -1  -1]
 [ -1  -1  -1  -1  -1  -1  -1  -1  -1  -1  -1  -1  -1  -1  -1  -1  -1  -1  -1  -1  -1  -1  -1  -1  -1  -1  -1  -1  -1  -1  -1]
 [ -1  -1  -1  -1  -1  -1  -1  -1  -1  -1  -1  -1  -1  -1  -1  -1  -1  -1  -1  -1  -1  -1  -1  -1  -1  -1  -1  -1  -1  -1  -1]
 [ -1  -1  -1  -1  -1  -1  -1  -1  -1  -1  -1  -1  -1  -1  -1  -1  -1  -1  -1  -1  -1  -1  -1  -1  -1  -1  -1  -1  -1  -1  -1]
 [ -1  -1  -1  -1  -1  -1  -1  -1  -1  -1  -1  -1  -1  -1  -1 495 507  -1  -1  -1  -1  -1  -1  -1  -1  -1  -1  -1  -1  -1  -1]
 [ -1  -1  -1  -1  -1  -1  -1  -1  -1  -1  -1  -1  -1  -1  -1  -1 488 499 510  -1 522 529 534  -1 541  -1  -1  -1  -1  -1  -1]
 [ -1  -1  -1  -1  -1  -1  -1  -1  -1  -1  -1  -1  -1  -1 461 469 480 490  -1 511 519 525 530 536 539  -1  -1  -1  -1  -1  -1]
 [ -1  -1  -1  -1  -1  -1  -1  -1  -1  -1  -1  -1 412 426 438 453 464 473 482 494  -1 512 520 526 533 537  -1  -1  -1  -1  -1]
 [ -1  -1  -1  -1  -1  -1  -1  -1  -1  -1  -1 386 401 415  -1 443 455  -1 475 487 498 509 515 521  -1  -1  -1  -1  -1  -1  -1]
 [ -1  -1  -1  -1  -1  -1  -1  -1  -1  -1  -1  -1  -1 388 403 418 430 445 458 466 478  -1 501  -1  -1  -1  -1  -1  -1  -1  -1]
 [ -1  -1  -1  -1  -1  -1  -1  -1  -1  -1  -1  -1 365 378 391  -1 421 433 449 460 470 481 492 503  -1  -1  -1  -1  -1  -1  -1]
 [ -1  -1  -1  -1  -1  -1  -1  -1  -1  -1  -1  -1  -1 352 368 381 396 408 424 437 451 463 472 484 493 505 513  -1  -1  -1  -1]
 [ -1  -1  -1  -1  -1  -1  -1  -1  -1  -1  -1 309 326 339 355 371 384 400 413 427 441 454 465 474 486 497 508 514  -1  -1  -1]
 [ -1  -1  -1  -1  -1  -1  -1 228 246  -1 271 284 299  -1 329 343 358 373 385  -1 416 429 444 456  -1 476 489 500  -1  -1  -1]
 [ -1  -1  -1  -1  -1 183  -1 212 229 247 261 272 287 301 314 331 345 361 376 387 404 420 432 447 459 468 479 491  -1  -1  -1]
 [ -1  -1 124 137 147 157 170 187 200 215 230 249 263 273  -1 302 315  -1  -1 364  -1 390 407 422 435 450 462 471 483  -1  -1]
 [ 90 102 114  -1 134 146 160 172 185 201 217 232 248  -1 275  -1  -1 319 335 350 366 380 394  -1  -1  -1 452  -1  -1  -1  -1]
 [ -1  77  89 101 113 123 133 145  -1 171 188 202 219  -1 250 264 276 290 305 321 338 351 369  -1  -1  -1  -1  -1  -1  -1  -1]
 [ 56  -1  76  88 100 112 122 132 144 156 176 189 203 221 234 251  -1 277 292 307 324 340 354 372  -1  -1  -1  -1  -1  -1  -1]
 [ -1  46  55  65  75  87  99 111 119 129 143 159 175 191 204 220 237 253 267 279 295 308 327 342 359  -1  -1  -1  -1  -1  -1]
 [ 29  37  45  54  64  74  86  98 110 118 128 142 158 177 190 205 222 238 256 269 282 298 311 330  -1  -1  -1  -1  -1  -1  -1]
 [ -1  21  28  36  44  53  63  73  85  97 105 121 127 149 164 178 192 207 223 239 257  -1 286 300  -1  -1  -1  -1  -1  -1  -1]
 [ -1  13  20  27  35  43  52  62  72  84  95 104 117 131 148 163 179 193 208  -1  -1  -1  -1  -1  -1  -1  -1  -1  -1  -1  -1]
 [ -1   4   8  -1  19  26  34  42  51  61  71  82  93 107 116 136 152 165  -1  -1  -1  -1  -1  -1  -1  -1  -1  -1  -1  -1  -1]
 [ -1  -1  -1   7  12  18  25  33  41  50  60  70  81  94 109 120 135 153  -1  -1  -1  -1  -1  -1  -1  -1  -1  -1  -1  -1  -1]
 [ -1  -1  -1  -1   2  -1  11  17  24  32  -1  49  58  68  80  -1 108  -1  -1  -1  -1  -1  -1  -1  -1  -1  -1  -1  -1  -1  -1]
 [ -1  -1  -1  -1  -1   1   6  10  16  23  31  40  47  59  67  83  92  -1  -1  -1  -1  -1  -1  -1  -1  -1  -1  -1  -1  -1  -1]
 [ -1  -1  -1  -1  -1  -1  -1   0   5   9  14  22  30  39  48  57  69  -1  -1  -1  -1  -1  -1  -1  -1  -1  -1  -1  -1  -1  -1]]
[[-1 -1 -1 -1 -1 -1 -1 -1 -1 -1 -1 -1 -1 -1 -1 -1 -1 -1 -1 -1 -1 -1 -1 -1 -1 -1 -1 -1 -1 -1 -1]
 [-1 -1 -1 -1 -1 -1 -1 -1 -1 -1 -1 -1 -1 -1 -1 -1 -1 -1 -1 -1 -1 -1 -1 -1 -1 -1 -1 -1 -1 -1 -1]
 [-1 -1 -1 -1 -1 -1 -1 -1 -1 -1 -1 -1 -1 -1 -1 -1 -1 -1 -1 -1 -1 -1 -1 -1 -1 -1 -1 -1 -1 -1 -1]
 [-1 -1 -1 -1 -1 -1 -1 -1 -1 -1 -1 -1 -1 -1 -1 -1 -1 -1 -1 -1 -1 -1 -1 -1 -1 -1 -1 -1 -1 -1 -1]
 [-1 -1 -1 -1 -1 -1 -1 -1 -1 -1 -1 -1 -1 -1 -1 -1 -1 -1 -1 -1 -1 -1 -1 -1 -1 -1 -1 -1 -1 -1 -1]
 [-1 -1 -1 -1 -1 -1 -1 -1 -1 -1 -1 -1 -1 -1 -1 -1 -1 -1 -1 -1 -1 -1 -1 -1 -1 -1 -1 -1 -1 -1 -1]
 [-1 -1 -1 -1 -1 -1 -1 -1 -1 -1 -1 -1 -1 -1 -1 -1 -1 -1 -1 -1 -1 -1 -1 -1 -1 -1 -1 -1 -1 -1 -1]
 [-1 -1 -1 -1 -1 -1 -1 -1 -1 -1 -1 -1 -1 -1 -1  1  1 -1 -1 -1 -1 -1 -1 -1 -1 -1 -1 -1 -1 -1 -1]
 [-1 -1 -1 -1 -1 -1 -1 -1 -1 -1 -1 -1 -1 -1 -1 -1  1  1  1 -1  1  1  1 -1  0 -1 -1 -1 -1 -1 -1]
 [-1 -1 -1 -1 -1 -1 -1 -1 -1 -1 -1 -1 -1 -1  1  1  1  1 -1  1  1  0  1  1  1 -1 -1 -1 -1 -1 -1]
 [-1 -1 -1 -1 -1 -1 -1 -1 -1 -1 -1 -1  1  1  1  0  0  1  1  0 -1  0  1  1  0  0 -1 -1 -1 -1 -1]
 [-1 -1 -1 -1 -1 -1 -1 -1 -1 -1 -1  1  0  0 -1  0  1 -1  1  0  0  0  1  1 -1 -1 -1 -1 -1 -1 -1]
 [-1 -1 -1 -1 -1 -1 -1 -1 -1 -1 -1 -1 -1  0  0  0  0  0  0  0  1 -1  1 -1 -1 -1 -1 -1 -1 -1 -1]
 [-1 -1 -1 -1 -1 -1 -1 -1 -1 -1 -1 -1  1  1  0 -1  0  0  0  0  1  0  1  1 -1 -1 -1 -1 -1 -1 -1]
 [-1 -1 -1 -1 -1 -1 -1 -1 -1 -1 -1 -1 -1  1  1  1  1  0  0  0  0  0  0  0  0  1  1 -1 -1 -1 -1]
 [-1 -1 -1 -1 -1 -1 -1 -1 -1 -1 -1  1  1  0  1  1  0  1  1  1  0  1  1  1  0  1  1  1 -1 -1 -1]
 [-1 -1 -1 -1 -1 -1 -1  0  1 -1  0  0  0 -1  1  1  1  0  1 -1  1  0  1  0 -1  0  1  1 -1 -1 -1]
 [-1 -1 -1 -1 -1  1 -1  1  1  1  0  0  1  1  0  0  1  1  0  1  1  1  1  0  0  1  0  0 -1 -1 -1]
 [-1 -1  1  1  1  1  0  0  0  0  0  1  0  0 -1  0  0 -1 -1  1 -1  1  0  0  0  1  1  1  1 -1 -1]
 [ 1  1  1 -1  0  1  1  1  0  0  0  0  0 -1  0 -1 -1  0  1  1  0  1  0 -1 -1 -1  1 -1 -1 -1 -1]
 [-1  1  1  1  0  0  1  1 -1  0  0  1  0 -1  0  1  0  0  0  1  1  1  1 -1 -1 -1 -1 -1 -1 -1 -1]
 [ 1 -1  1  0  0  0  1  1  1  0  1  1  1  0  1  0 -1  0  1  1  1  0  0  1 -1 -1 -1 -1 -1 -1 -1]
 [-1  1  0  1  1  1  0  1  1  0  1  0  1  1  0  1  0  1  0  1  0  1  0  0  0 -1 -1 -1 -1 -1 -1]
 [ 1  0  0  1  0  1  1  0  1  0  1  0  1  1  1  1  1  0  1  0  1  0  0  0 -1 -1 -1 -1 -1 -1 -1]
 [-1  0  0  1  0  0  0  0  1  1  1  1  0  1  1  0  0  1  0  1  1 -1  0  1 -1 -1 -1 -1 -1 -1 -1]
 [-1  1  0  1  1  0  0  0  0  1  0  0  1  0  0  0  1  0  0 -1 -1 -1 -1 -1 -1 -1 -1 -1 -1 -1 -1]
 [-1  1  0 -1  1  0  1  1  0  1  1  0  0  1  0  1  1  1 -1 -1 -1 -1 -1 -1 -1 -1 -1 -1 -1 -1 -1]
 [-1 -1 -1  1  0  1  0  1  1  1  1  0  0  1  1  1  0  0 -1 -1 -1 -1 -1 -1 -1 -1 -1 -1 -1 -1 -1]
 [-1 -1 -1 -1  1 -1  0  0  0  1 -1  1  0  0  0 -1  1 -1 -1 -1 -1 -1 -1 -1 -1 -1 -1 -1 -1 -1 -1]
 [-1 -1 -1 -1 -1  0  0  1  0  1  1  1  0  1  0  1  0 -1 -1 -1 -1 -1 -1 -1 -1 -1 -1 -1 -1 -1 -1]
 [-1 -1 -1 -1 -1 -1 -1  1  1  0  1  1  1  1  1  0  0 -1 -1 -1 -1 -1 -1 -1 -1 -1 -1 -1 -1 -1 -1]]
